,label,val_0,val_1,val_2,val_3,val_4,val_5,val_6,val_7,val_8,val_9,val_10,val_11,val_12,val_13,val_14,val_15,val_16,val_17,val_18,val_19,val_20,val_21,val_22,val_23,val_24,val_25,val_26,val_27,val_28,val_29,val_30,val_31,val_32,val_33,val_34,val_35,val_36,val_37,val_38,val_39,val_40,val_41,val_42,val_43,val_44,val_45,val_46,val_47,val_48,val_49,val_50,val_51,val_52,val_53,val_54,val_55,val_56,val_57,val_58,val_59,val_60,val_61,val_62,val_63,val_64,val_65,val_66,val_67,val_68,val_69,val_70,val_71,val_72,val_73,val_74,val_75,val_76,val_77,val_78,val_79,val_80,val_81,val_82,val_83,val_84,val_85,val_86,val_87,val_88,val_89,val_90,val_91,val_92,val_93,val_94,val_95,val_96,val_97,val_98,val_99,val_100,val_101,val_102,val_103,val_104,val_105,val_106,val_107,val_108,val_109,val_110,val_111,val_112,val_113,val_114,val_115,val_116,val_117,val_118,val_119,val_120,val_121,val_122,val_123,val_124,val_125,val_126,val_127,val_128,val_129,val_130,val_131,val_132,val_133,val_134,val_135,val_136,val_137,val_138,val_139,val_140,val_141,val_142,val_143,val_144,val_145,val_146,val_147,val_148,val_149,val_150,val_151,val_152,val_153,val_154,val_155,val_156,val_157,val_158,val_159,val_160,val_161,val_162,val_163,val_164,val_165,val_166,val_167,val_168,val_169,val_170,val_171,val_172,val_173,val_174,val_175,val_176,val_177,val_178,val_179,val_180,val_181,val_182,val_183,val_184,val_185,val_186,val_187,val_188,val_189,val_190,val_191,val_192,val_193,val_194,val_195,val_196,val_197,val_198,val_199,val_200,val_201,val_202,val_203,val_204,val_205,val_206,val_207,val_208,val_209,val_210,val_211,val_212,val_213,val_214,val_215,val_216,val_217,val_218,val_219,val_220,val_221,val_222,val_223,val_224,val_225,val_226,val_227,val_228,val_229,val_230,val_231,val_232,val_233,val_234,val_235,val_236,val_237,val_238,val_239,val_240,val_241,val_242,val_243,val_244,val_245,val_246,val_247,val_248,val_249,val_250,val_251,val_252,val_253,val_254,val_255,val_256,val_257,val_258,val_259,val_260,val_261,val_262,val_263,val_264,val_265,val_266,val_267,val_268,val_269,val_270,val_271,val_272,val_273,val_274,val_275,val_276,val_277,val_278,val_279,val_280,val_281,val_282,val_283,val_284,val_285,val_286,val_287,val_288,val_289,val_290,val_291,val_292,val_293,val_294,val_295,val_296,val_297,val_298,val_299,val_300,val_301,val_302,val_303,val_304,val_305,val_306,val_307,val_308,val_309,val_310,val_311,val_312,val_313,val_314,val_315,val_316,val_317,val_318,val_319,val_320,val_321,val_322,val_323,val_324,val_325,val_326,val_327,val_328,val_329,val_330,val_331,val_332,val_333,val_334,val_335,val_336,val_337,val_338,val_339,val_340,val_341,val_342,val_343,val_344,val_345,val_346,val_347,val_348,val_349,val_350,val_351,val_352,val_353,val_354,val_355,val_356,val_357,val_358,val_359,val_360,val_361,val_362,val_363,val_364,val_365,val_366,val_367,val_368,val_369,val_370,val_371,val_372,val_373,val_374,val_375,val_376,val_377,val_378,val_379,val_380,val_381,val_382,val_383,val_384,val_385,val_386,val_387,val_388,val_389,val_390,val_391,val_392,val_393,val_394,val_395,val_396,val_397,val_398,val_399,val_400,val_401,val_402,val_403,val_404,val_405,val_406,val_407,val_408,val_409,val_410,val_411,val_412,val_413,val_414,val_415,val_416,val_417,val_418,val_419,val_420,val_421,val_422,val_423,val_424,val_425,val_426,val_427,val_428,val_429,val_430,val_431,val_432,val_433,val_434,val_435,val_436,val_437,val_438,val_439,val_440,val_441,val_442,val_443,val_444,val_445,val_446,val_447,val_448,val_449,val_450,val_451,val_452,val_453,val_454,val_455,val_456,val_457,val_458,val_459,val_460,val_461,val_462,val_463,val_464,val_465,val_466,val_467,val_468,val_469,val_470,val_471,val_472,val_473,val_474,val_475,val_476,val_477,val_478,val_479,val_480,val_481,val_482,val_483,val_484,val_485,val_486,val_487,val_488,val_489,val_490,val_491,val_492,val_493,val_494,val_495,val_496,val_497,val_498,val_499,val_500,val_501,val_502,val_503,val_504,val_505,val_506,val_507,val_508,val_509,val_510,val_511,val_512,val_513,val_514,val_515,val_516,val_517,val_518,val_519,val_520,val_521,val_522,val_523,val_524,val_525,val_526,val_527,val_528,val_529,val_530,val_531,val_532,val_533,val_534,val_535,val_536,val_537,val_538,val_539,val_540,val_541,val_542,val_543,val_544,val_545,val_546,val_547,val_548,val_549,val_550,val_551,val_552,val_553,val_554,val_555,val_556,val_557,val_558,val_559,val_560,val_561,val_562,val_563,val_564,val_565,val_566,val_567,val_568,val_569,val_570,val_571,val_572,val_573,val_574,val_575,val_576,val_577,val_578,val_579,val_580,val_581,val_582,val_583,val_584,val_585,val_586,val_587,val_588,val_589,val_590,val_591,val_592,val_593,val_594,val_595,val_596,val_597,val_598,val_599,val_600,val_601,val_602,val_603,val_604,val_605,val_606,val_607,val_608,val_609,val_610,val_611,val_612,val_613,val_614,val_615,val_616,val_617,val_618,val_619,val_620,val_621,val_622,val_623,val_624,val_625,val_626,val_627,val_628,val_629,val_630,val_631,val_632,val_633,val_634,val_635,val_636,val_637,val_638,val_639,val_640,val_641,val_642,val_643,val_644,val_645,val_646,val_647,val_648,val_649,val_650,val_651,val_652,val_653,val_654,val_655,val_656,val_657,val_658,val_659,val_660,val_661,val_662,val_663,val_664,val_665,val_666,val_667,val_668,val_669,val_670,val_671,val_672,val_673,val_674,val_675,val_676,val_677,val_678,val_679,val_680,val_681,val_682,val_683,val_684,val_685,val_686,val_687,val_688,val_689,val_690,val_691,val_692,val_693,val_694,val_695,val_696,val_697,val_698,val_699,val_700,val_701,val_702,val_703,val_704,val_705,val_706,val_707,val_708,val_709,val_710,val_711,val_712,val_713,val_714,val_715,val_716,val_717,val_718,val_719,val_720,val_721,val_722,val_723,val_724,val_725,val_726,val_727,val_728,val_729,val_730,val_731,val_732,val_733,val_734,val_735,val_736,val_737,val_738,val_739,val_740,val_741,val_742,val_743,val_744,val_745,val_746,val_747,val_748,val_749,val_750,val_751,val_752,val_753,val_754,val_755,val_756,val_757,val_758,val_759,val_760,val_761,val_762,val_763,val_764,val_765,val_766,val_767,val_768,val_769,val_770,val_771,val_772,val_773,val_774,val_775,val_776,val_777,val_778,val_779,val_780,val_781,val_782,val_783,val_784,val_785,val_786,val_787,val_788,val_789,val_790,val_791,val_792,val_793,val_794,val_795,val_796,val_797,val_798,val_799,val_800,val_801,val_802,val_803,val_804,val_805,val_806,val_807,val_808,val_809,val_810,val_811,val_812,val_813,val_814,val_815,val_816,val_817,val_818,val_819,val_820,val_821,val_822,val_823,val_824,val_825,val_826,val_827,val_828,val_829,val_830,val_831,val_832,val_833,val_834,val_835,val_836,val_837,val_838,val_839,val_840,val_841,val_842,val_843,val_844,val_845,val_846,val_847,val_848,val_849,val_850,val_851,val_852,val_853,val_854,val_855,val_856,val_857,val_858,val_859,val_860,val_861,val_862,val_863,val_864,val_865,val_866,val_867,val_868,val_869,val_870,val_871,val_872,val_873,val_874,val_875,val_876,val_877,val_878,val_879,val_880,val_881,val_882,val_883,val_884,val_885,val_886,val_887,val_888,val_889,val_890,val_891,val_892,val_893,val_894,val_895,val_896,val_897,val_898,val_899,val_900,val_901,val_902,val_903,val_904,val_905,val_906,val_907,val_908,val_909,val_910,val_911,val_912,val_913,val_914,val_915,val_916,val_917,val_918,val_919,val_920,val_921,val_922,val_923,val_924,val_925,val_926,val_927,val_928,val_929,val_930,val_931,val_932,val_933,val_934,val_935,val_936,val_937,val_938,val_939,val_940,val_941,val_942,val_943,val_944,val_945,val_946,val_947,val_948,val_949,val_950,val_951,val_952,val_953,val_954,val_955,val_956,val_957,val_958,val_959,val_960,val_961,val_962,val_963,val_964,val_965,val_966,val_967,val_968,val_969,val_970,val_971,val_972,val_973,val_974,val_975,val_976,val_977,val_978,val_979,val_980,val_981,val_982,val_983,val_984,val_985,val_986,val_987,val_988,val_989,val_990,val_991,val_992,val_993,val_994,val_995,val_996,val_997,val_998,val_999,val_1000,val_1001,val_1002,val_1003,val_1004,val_1005,val_1006,val_1007,val_1008,val_1009,val_1010,val_1011,val_1012,val_1013,val_1014,val_1015,val_1016,val_1017,val_1018,val_1019,val_1020,val_1021,val_1022,val_1023,val_1024,val_1025,val_1026,val_1027,val_1028,val_1029,val_1030,val_1031,val_1032,val_1033,val_1034,val_1035,val_1036,val_1037,val_1038,val_1039,val_1040,val_1041,val_1042,val_1043,val_1044,val_1045,val_1046,val_1047,val_1048,val_1049,val_1050,val_1051,val_1052,val_1053,val_1054,val_1055,val_1056,val_1057,val_1058,val_1059,val_1060,val_1061,val_1062,val_1063,val_1064,val_1065,val_1066,val_1067,val_1068,val_1069,val_1070,val_1071,val_1072,val_1073,val_1074,val_1075,val_1076,val_1077,val_1078,val_1079,val_1080,val_1081,val_1082,val_1083,val_1084,val_1085,val_1086,val_1087,val_1088,val_1089,val_1090,val_1091,val_1092,val_1093,val_1094,val_1095,val_1096,val_1097,val_1098,val_1099,val_1100,val_1101,val_1102,val_1103,val_1104,val_1105,val_1106,val_1107,val_1108,val_1109,val_1110,val_1111,val_1112,val_1113,val_1114,val_1115,val_1116,val_1117,val_1118,val_1119,val_1120,val_1121,val_1122,val_1123,val_1124,val_1125,val_1126,val_1127,val_1128,val_1129,val_1130,val_1131,val_1132,val_1133,val_1134,val_1135,val_1136,val_1137,val_1138,val_1139,val_1140,val_1141,val_1142,val_1143,val_1144,val_1145,val_1146,val_1147,val_1148,val_1149,val_1150,val_1151,val_1152,val_1153,val_1154,val_1155,val_1156,val_1157,val_1158,val_1159,val_1160,val_1161,val_1162,val_1163,val_1164,val_1165,val_1166,val_1167,val_1168,val_1169,val_1170,val_1171,val_1172,val_1173,val_1174,val_1175,val_1176,val_1177,val_1178,val_1179,val_1180,val_1181,val_1182,val_1183,val_1184,val_1185,val_1186,val_1187,val_1188,val_1189,val_1190,val_1191,val_1192,val_1193,val_1194,val_1195,val_1196,val_1197,val_1198,val_1199,val_1200,val_1201,val_1202,val_1203,val_1204,val_1205,val_1206,val_1207,val_1208,val_1209,val_1210,val_1211,val_1212,val_1213,val_1214,val_1215,val_1216,val_1217,val_1218,val_1219,val_1220,val_1221,val_1222,val_1223,val_1224,val_1225,val_1226,val_1227,val_1228,val_1229,val_1230,val_1231,val_1232,val_1233,val_1234,val_1235,val_1236,val_1237,val_1238,val_1239,val_1240,val_1241,val_1242,val_1243,val_1244,val_1245,val_1246,val_1247,val_1248,val_1249,val_1250,val_1251,val_1252,val_1253,val_1254,val_1255,val_1256,val_1257,val_1258,val_1259,val_1260,val_1261,val_1262,val_1263,val_1264,val_1265,val_1266,val_1267,val_1268,val_1269,val_1270,val_1271,val_1272,val_1273,val_1274,val_1275,val_1276,val_1277,val_1278,val_1279,val_1280,val_1281,val_1282,val_1283,val_1284,val_1285,val_1286,val_1287,val_1288,val_1289,val_1290,val_1291,val_1292,val_1293,val_1294,val_1295,val_1296,val_1297,val_1298,val_1299,val_1300,val_1301,val_1302,val_1303,val_1304,val_1305,val_1306,val_1307,val_1308,val_1309,val_1310,val_1311,val_1312,val_1313,val_1314,val_1315,val_1316,val_1317,val_1318,val_1319,val_1320,val_1321,val_1322,val_1323,val_1324,val_1325,val_1326,val_1327,val_1328,val_1329,val_1330,val_1331,val_1332,val_1333,val_1334,val_1335,val_1336,val_1337,val_1338,val_1339,val_1340,val_1341,val_1342,val_1343,val_1344,val_1345,val_1346,val_1347,val_1348,val_1349,val_1350,val_1351,val_1352,val_1353,val_1354,val_1355,val_1356,val_1357,val_1358,val_1359,val_1360,val_1361,val_1362,val_1363,val_1364,val_1365,val_1366,val_1367,val_1368,val_1369,val_1370,val_1371,val_1372,val_1373,val_1374,val_1375,val_1376,val_1377,val_1378,val_1379,val_1380,val_1381,val_1382,val_1383,val_1384,val_1385,val_1386,val_1387,val_1388,val_1389,val_1390,val_1391,val_1392,val_1393,val_1394,val_1395,val_1396,val_1397,val_1398,val_1399,val_1400,val_1401,val_1402,val_1403,val_1404,val_1405,val_1406,val_1407,val_1408,val_1409,val_1410,val_1411,val_1412,val_1413,val_1414,val_1415,val_1416,val_1417,val_1418,val_1419,val_1420,val_1421,val_1422,val_1423,val_1424,val_1425,val_1426,val_1427,val_1428,val_1429,val_1430,val_1431,val_1432,val_1433,val_1434,val_1435,val_1436,val_1437,val_1438,val_1439,val_1440,val_1441,val_1442,val_1443,val_1444,val_1445,val_1446,val_1447,val_1448,val_1449,val_1450,val_1451,val_1452,val_1453,val_1454,val_1455,val_1456,val_1457,val_1458,val_1459,val_1460,val_1461,val_1462,val_1463,val_1464,val_1465,val_1466,val_1467,val_1468,val_1469,val_1470,val_1471,val_1472,val_1473,val_1474,val_1475,val_1476,val_1477,val_1478,val_1479,val_1480,val_1481,val_1482,val_1483,val_1484,val_1485,val_1486,val_1487,val_1488,val_1489,val_1490,val_1491,val_1492,val_1493,val_1494,val_1495,val_1496,val_1497,val_1498,val_1499,val_1500,val_1501,val_1502,val_1503,val_1504,val_1505,val_1506,val_1507,val_1508,val_1509,val_1510,val_1511,val_1512,val_1513,val_1514,val_1515,val_1516,val_1517,val_1518,val_1519,val_1520,val_1521,val_1522,val_1523,val_1524,val_1525,val_1526,val_1527,val_1528,val_1529,val_1530,val_1531,val_1532,val_1533,val_1534,val_1535,val_1536,val_1537,val_1538,val_1539,val_1540,val_1541,val_1542,val_1543,val_1544,val_1545,val_1546,val_1547,val_1548,val_1549,val_1550,val_1551,val_1552,val_1553,val_1554,val_1555,val_1556,val_1557,val_1558,val_1559,val_1560,val_1561,val_1562,val_1563,val_1564,val_1565,val_1566,val_1567,val_1568,val_1569,val_1570,val_1571,val_1572,val_1573,val_1574,val_1575,val_1576,val_1577,val_1578,val_1579,val_1580,val_1581,val_1582,val_1583,val_1584,val_1585,val_1586,val_1587,val_1588,val_1589,val_1590,val_1591,val_1592,val_1593,val_1594,val_1595,val_1596,val_1597,val_1598,val_1599,val_1600,val_1601,val_1602,val_1603,val_1604,val_1605,val_1606,val_1607,val_1608,val_1609,val_1610,val_1611,val_1612,val_1613,val_1614,val_1615,val_1616,val_1617,val_1618,val_1619,val_1620,val_1621,val_1622,val_1623,val_1624,val_1625,val_1626,val_1627,val_1628,val_1629,val_1630,val_1631,val_1632,val_1633,val_1634,val_1635,val_1636,val_1637,val_1638,val_1639,val_1640,val_1641,val_1642,val_1643,val_1644,val_1645,val_1646,val_1647,val_1648,val_1649,val_1650,val_1651,val_1652,val_1653,val_1654,val_1655,val_1656,val_1657,val_1658,val_1659,val_1660,val_1661,val_1662,val_1663,val_1664,val_1665,val_1666,val_1667,val_1668,val_1669,val_1670,val_1671,val_1672,val_1673,val_1674,val_1675,val_1676,val_1677,val_1678,val_1679,val_1680,val_1681,val_1682,val_1683,val_1684,val_1685,val_1686,val_1687,val_1688,val_1689,val_1690,val_1691,val_1692,val_1693,val_1694,val_1695,val_1696,val_1697,val_1698,val_1699,val_1700,val_1701,val_1702,val_1703,val_1704,val_1705,val_1706,val_1707,val_1708,val_1709,val_1710,val_1711,val_1712,val_1713,val_1714,val_1715,val_1716,val_1717,val_1718,val_1719,val_1720,val_1721,val_1722,val_1723,val_1724,val_1725,val_1726,val_1727,val_1728,val_1729,val_1730,val_1731,val_1732,val_1733,val_1734,val_1735,val_1736,val_1737,val_1738,val_1739,val_1740,val_1741,val_1742,val_1743,val_1744,val_1745,val_1746,val_1747,val_1748,val_1749,val_1750,val_1751,val_1752,val_1753,val_1754,val_1755,val_1756,val_1757,val_1758,val_1759,val_1760,val_1761,val_1762,val_1763,val_1764,val_1765,val_1766,val_1767,val_1768,val_1769,val_1770,val_1771,val_1772,val_1773,val_1774,val_1775,val_1776,val_1777,val_1778,val_1779,val_1780,val_1781,val_1782,val_1783,val_1784,val_1785,val_1786,val_1787,val_1788,val_1789,val_1790,val_1791,val_1792,val_1793,val_1794,val_1795,val_1796,val_1797,val_1798,val_1799,val_1800,val_1801,val_1802,val_1803,val_1804,val_1805,val_1806,val_1807,val_1808,val_1809,val_1810,val_1811,val_1812,val_1813,val_1814,val_1815,val_1816,val_1817,val_1818,val_1819,val_1820,val_1821,val_1822,val_1823,val_1824,val_1825,val_1826,val_1827,val_1828,val_1829,val_1830,val_1831,val_1832,val_1833,val_1834,val_1835,val_1836,val_1837,val_1838,val_1839,val_1840,val_1841,val_1842,val_1843,val_1844,val_1845,val_1846,val_1847,val_1848,val_1849,val_1850,val_1851,val_1852,val_1853,val_1854,val_1855,val_1856,val_1857,val_1858,val_1859,val_1860,val_1861,val_1862,val_1863,val_1864,val_1865,val_1866,val_1867,val_1868,val_1869,val_1870,val_1871,val_1872,val_1873,val_1874,val_1875,val_1876,val_1877,val_1878,val_1879,val_1880,val_1881,val_1882,val_1883,val_1884,val_1885,val_1886,val_1887,val_1888,val_1889,val_1890,val_1891,val_1892,val_1893,val_1894,val_1895,val_1896,val_1897,val_1898,val_1899,val_1900,val_1901,val_1902,val_1903,val_1904,val_1905,val_1906,val_1907,val_1908,val_1909,val_1910,val_1911,val_1912,val_1913,val_1914,val_1915,val_1916,val_1917,val_1918,val_1919,val_1920,val_1921,val_1922,val_1923,val_1924,val_1925,val_1926,val_1927,val_1928,val_1929,val_1930,val_1931,val_1932,val_1933,val_1934,val_1935,val_1936,val_1937,val_1938,val_1939,val_1940,val_1941,val_1942,val_1943,val_1944,val_1945,val_1946,val_1947,val_1948,val_1949,val_1950,val_1951,val_1952,val_1953,val_1954,val_1955,val_1956,val_1957,val_1958,val_1959,val_1960,val_1961,val_1962,val_1963,val_1964,val_1965,val_1966,val_1967,val_1968,val_1969,val_1970,val_1971,val_1972,val_1973,val_1974,val_1975,val_1976,val_1977,val_1978,val_1979,val_1980,val_1981,val_1982,val_1983,val_1984,val_1985,val_1986,val_1987,val_1988,val_1989,val_1990,val_1991,val_1992,val_1993,val_1994,val_1995,val_1996,val_1997,val_1998,val_1999,val_2000,val_2001,val_2002,val_2003,val_2004,val_2005,val_2006,val_2007,val_2008,val_2009,val_2010,val_2011,val_2012,val_2013,val_2014,val_2015,val_2016,val_2017,val_2018,val_2019,val_2020,val_2021,val_2022,val_2023,val_2024,val_2025,val_2026,val_2027,val_2028,val_2029,val_2030,val_2031,val_2032,val_2033,val_2034,val_2035,val_2036,val_2037,val_2038,val_2039,val_2040,val_2041,val_2042,val_2043,val_2044,val_2045,val_2046,val_2047,val_2048,val_2049,val_2050,val_2051,val_2052,val_2053,val_2054,val_2055,val_2056,val_2057,val_2058,val_2059,val_2060,val_2061,val_2062,val_2063,val_2064,val_2065,val_2066,val_2067,val_2068,val_2069,val_2070,val_2071,val_2072,val_2073,val_2074,val_2075,val_2076,val_2077,val_2078,val_2079,val_2080,val_2081,val_2082,val_2083,val_2084,val_2085,val_2086,val_2087,val_2088,val_2089,val_2090,val_2091,val_2092,val_2093,val_2094,val_2095,val_2096,val_2097,val_2098,val_2099,val_2100,val_2101,val_2102,val_2103,val_2104,val_2105,val_2106,val_2107,val_2108,val_2109,val_2110,val_2111,val_2112,val_2113,val_2114,val_2115,val_2116,val_2117,val_2118,val_2119,val_2120,val_2121,val_2122,val_2123,val_2124,val_2125,val_2126,val_2127,val_2128,val_2129,val_2130,val_2131,val_2132,val_2133,val_2134,val_2135,val_2136,val_2137,val_2138,val_2139,val_2140,val_2141,val_2142,val_2143,val_2144,val_2145,val_2146,val_2147,val_2148,val_2149,val_2150,val_2151,val_2152,val_2153,val_2154,val_2155,val_2156,val_2157,val_2158,val_2159,val_2160,val_2161,val_2162,val_2163,val_2164,val_2165,val_2166,val_2167,val_2168,val_2169,val_2170,val_2171,val_2172,val_2173,val_2174,val_2175,val_2176,val_2177,val_2178,val_2179,val_2180,val_2181,val_2182,val_2183,val_2184,val_2185,val_2186,val_2187,val_2188,val_2189,val_2190,val_2191,val_2192,val_2193,val_2194,val_2195,val_2196,val_2197,val_2198,val_2199,val_2200,val_2201,val_2202,val_2203,val_2204,val_2205,val_2206,val_2207,val_2208,val_2209,val_2210,val_2211,val_2212,val_2213,val_2214,val_2215,val_2216,val_2217,val_2218,val_2219,val_2220,val_2221,val_2222,val_2223,val_2224,val_2225,val_2226,val_2227,val_2228,val_2229,val_2230,val_2231,val_2232,val_2233,val_2234,val_2235,val_2236,val_2237,val_2238,val_2239,val_2240,val_2241,val_2242,val_2243,val_2244,val_2245,val_2246,val_2247,val_2248,val_2249,val_2250,val_2251,val_2252,val_2253,val_2254,val_2255,val_2256,val_2257,val_2258,val_2259,val_2260,val_2261,val_2262,val_2263,val_2264,val_2265,val_2266,val_2267,val_2268,val_2269,val_2270,val_2271,val_2272,val_2273,val_2274,val_2275,val_2276,val_2277,val_2278,val_2279,val_2280,val_2281,val_2282,val_2283,val_2284,val_2285,val_2286,val_2287,val_2288,val_2289,val_2290,val_2291,val_2292,val_2293,val_2294,val_2295,val_2296,val_2297,val_2298,val_2299,val_2300,val_2301,val_2302,val_2303,val_2304,val_2305,val_2306,val_2307,val_2308,val_2309,val_2310,val_2311,val_2312,val_2313,val_2314,val_2315,val_2316,val_2317,val_2318,val_2319,val_2320,val_2321,val_2322,val_2323,val_2324,val_2325,val_2326,val_2327,val_2328,val_2329,val_2330,val_2331,val_2332,val_2333,val_2334,val_2335,val_2336,val_2337,val_2338,val_2339,val_2340,val_2341,val_2342,val_2343,val_2344,val_2345,val_2346,val_2347,val_2348,val_2349,val_2350,val_2351,val_2352,val_2353,val_2354,val_2355,val_2356,val_2357,val_2358,val_2359,val_2360,val_2361,val_2362,val_2363,val_2364,val_2365,val_2366,val_2367,val_2368,val_2369,val_2370,val_2371,val_2372,val_2373,val_2374,val_2375,val_2376,val_2377,val_2378,val_2379,val_2380,val_2381,val_2382,val_2383,val_2384,val_2385,val_2386,val_2387,val_2388,val_2389,val_2390,val_2391,val_2392,val_2393,val_2394,val_2395,val_2396,val_2397,val_2398,val_2399,val_2400,val_2401,val_2402,val_2403,val_2404,val_2405,val_2406,val_2407,val_2408,val_2409,val_2410,val_2411,val_2412,val_2413,val_2414,val_2415,val_2416,val_2417,val_2418,val_2419,val_2420,val_2421,val_2422,val_2423,val_2424,val_2425,val_2426,val_2427,val_2428,val_2429,val_2430,val_2431,val_2432,val_2433,val_2434,val_2435,val_2436,val_2437,val_2438,val_2439,val_2440,val_2441,val_2442,val_2443,val_2444,val_2445,val_2446,val_2447,val_2448,val_2449,val_2450,val_2451,val_2452,val_2453,val_2454,val_2455,val_2456,val_2457,val_2458,val_2459,val_2460,val_2461,val_2462,val_2463,val_2464,val_2465,val_2466,val_2467,val_2468,val_2469,val_2470,val_2471,val_2472,val_2473,val_2474,val_2475,val_2476,val_2477,val_2478,val_2479,val_2480,val_2481,val_2482,val_2483,val_2484,val_2485,val_2486,val_2487,val_2488,val_2489,val_2490,val_2491,val_2492,val_2493,val_2494,val_2495,val_2496,val_2497,val_2498,val_2499,val_2500,val_2501,val_2502,val_2503,val_2504,val_2505,val_2506,val_2507,val_2508,val_2509,val_2510,val_2511,val_2512,val_2513,val_2514,val_2515,val_2516,val_2517,val_2518,val_2519,val_2520,val_2521,val_2522,val_2523,val_2524,val_2525,val_2526,val_2527,val_2528,val_2529,val_2530,val_2531,val_2532,val_2533,val_2534,val_2535,val_2536,val_2537,val_2538,val_2539,val_2540,val_2541,val_2542,val_2543,val_2544,val_2545,val_2546,val_2547,val_2548,val_2549,val_2550,val_2551,val_2552,val_2553,val_2554,val_2555,val_2556,val_2557,val_2558,val_2559,val_2560,val_2561,val_2562,val_2563,val_2564,val_2565,val_2566,val_2567,val_2568,val_2569,val_2570,val_2571,val_2572,val_2573,val_2574,val_2575,val_2576,val_2577,val_2578,val_2579,val_2580,val_2581,val_2582,val_2583,val_2584,val_2585,val_2586,val_2587,val_2588,val_2589,val_2590,val_2591,val_2592,val_2593,val_2594,val_2595,val_2596,val_2597,val_2598,val_2599,val_2600,val_2601,val_2602,val_2603,val_2604,val_2605,val_2606,val_2607,val_2608,val_2609,val_2610,val_2611,val_2612,val_2613,val_2614,val_2615,val_2616,val_2617,val_2618,val_2619,val_2620,val_2621,val_2622,val_2623,val_2624,val_2625,val_2626,val_2627,val_2628,val_2629,val_2630,val_2631,val_2632,val_2633,val_2634,val_2635,val_2636,val_2637,val_2638,val_2639,val_2640,val_2641,val_2642,val_2643,val_2644,val_2645,val_2646,val_2647,val_2648,val_2649,val_2650,val_2651,val_2652,val_2653,val_2654,val_2655,val_2656,val_2657,val_2658,val_2659,val_2660,val_2661,val_2662,val_2663,val_2664,val_2665,val_2666,val_2667,val_2668,val_2669,val_2670,val_2671,val_2672,val_2673,val_2674,val_2675,val_2676,val_2677,val_2678,val_2679,val_2680,val_2681,val_2682,val_2683,val_2684,val_2685,val_2686,val_2687,val_2688,val_2689,val_2690,val_2691,val_2692,val_2693,val_2694,val_2695,val_2696,val_2697,val_2698,val_2699,val_2700,val_2701,val_2702,val_2703,val_2704,val_2705,val_2706,val_2707,val_2708,val_2709,val_2710,val_2711,val_2712,val_2713,val_2714,val_2715,val_2716,val_2717,val_2718,val_2719,val_2720,val_2721,val_2722,val_2723,val_2724,val_2725,val_2726,val_2727,val_2728,val_2729,val_2730,val_2731,val_2732,val_2733,val_2734,val_2735,val_2736,val_2737,val_2738,val_2739,val_2740,val_2741,val_2742,val_2743,val_2744,val_2745,val_2746,val_2747,val_2748,val_2749,val_2750,val_2751,val_2752,val_2753,val_2754,val_2755,val_2756,val_2757,val_2758,val_2759,val_2760,val_2761,val_2762,val_2763,val_2764,val_2765,val_2766,val_2767,val_2768,val_2769,val_2770,val_2771,val_2772,val_2773,val_2774,val_2775,val_2776,val_2777,val_2778,val_2779,val_2780,val_2781,val_2782,val_2783,val_2784,val_2785,val_2786,val_2787,val_2788,val_2789,val_2790,val_2791,val_2792,val_2793,val_2794,val_2795,val_2796,val_2797,val_2798,val_2799,val_2800,val_2801,val_2802,val_2803,val_2804,val_2805,val_2806,val_2807,val_2808,val_2809,val_2810,val_2811,val_2812,val_2813,val_2814,val_2815,val_2816,val_2817,val_2818,val_2819,val_2820,val_2821,val_2822,val_2823,val_2824,val_2825,val_2826,val_2827,val_2828,val_2829,val_2830,val_2831,val_2832,val_2833,val_2834,val_2835,val_2836,val_2837,val_2838,val_2839,val_2840,val_2841,val_2842,val_2843,val_2844,val_2845,val_2846,val_2847,val_2848,val_2849,val_2850,val_2851,val_2852,val_2853,val_2854,val_2855,val_2856,val_2857,val_2858,val_2859,val_2860,val_2861,val_2862,val_2863,val_2864,val_2865,val_2866,val_2867,val_2868,val_2869,val_2870,val_2871,val_2872,val_2873,val_2874,val_2875,val_2876,val_2877,val_2878,val_2879,val_2880,val_2881,val_2882,val_2883,val_2884,val_2885,val_2886,val_2887,val_2888,val_2889,val_2890,val_2891,val_2892,val_2893,val_2894,val_2895,val_2896,val_2897,val_2898,val_2899,val_2900,val_2901,val_2902,val_2903,val_2904,val_2905,val_2906,val_2907,val_2908,val_2909,val_2910,val_2911,val_2912,val_2913,val_2914,val_2915,val_2916,val_2917,val_2918,val_2919,val_2920,val_2921,val_2922,val_2923,val_2924,val_2925,val_2926,val_2927,val_2928,val_2929,val_2930,val_2931,val_2932,val_2933,val_2934,val_2935,val_2936,val_2937,val_2938,val_2939,val_2940,val_2941,val_2942,val_2943,val_2944,val_2945,val_2946,val_2947,val_2948,val_2949,val_2950,val_2951,val_2952,val_2953,val_2954,val_2955,val_2956,val_2957,val_2958,val_2959,val_2960,val_2961,val_2962,val_2963,val_2964,val_2965,val_2966,val_2967,val_2968,val_2969,val_2970,val_2971,val_2972,val_2973,val_2974,val_2975,val_2976,val_2977,val_2978,val_2979,val_2980,val_2981,val_2982,val_2983,val_2984,val_2985,val_2986,val_2987,val_2988,val_2989,val_2990,val_2991,val_2992,val_2993,val_2994,val_2995,val_2996,val_2997,val_2998,val_2999,val_3000,val_3001,val_3002,val_3003,val_3004,val_3005,val_3006,val_3007,val_3008,val_3009,val_3010,val_3011,val_3012,val_3013,val_3014,val_3015,val_3016,val_3017,val_3018,val_3019,val_3020,val_3021,val_3022,val_3023,val_3024,val_3025,val_3026,val_3027,val_3028,val_3029,val_3030,val_3031,val_3032,val_3033,val_3034,val_3035,val_3036,val_3037,val_3038,val_3039,val_3040,val_3041,val_3042,val_3043,val_3044,val_3045,val_3046,val_3047,val_3048,val_3049,val_3050,val_3051,val_3052,val_3053,val_3054,val_3055,val_3056,val_3057,val_3058,val_3059,val_3060,val_3061,val_3062,val_3063,val_3064,val_3065,val_3066,val_3067,val_3068,val_3069,val_3070,val_3071
2020-09-27.out.0,0.0,1.2658577,-1.1832599,-0.1209306,1.2658876,-1.1832532,-0.1209007,1.2659474,-1.1832494,-0.1209455,1.2659474,-1.1832487,-0.1209306,1.2660071,-1.1832442,-0.120953,1.2659175,-1.1832487,-0.1208932,1.2659249,-1.1832442,-0.1208633,1.2659548,-1.1832405,-0.1208708,1.265895,-1.1832419,-0.120811,1.2658801,-1.1832367,-0.1207512,1.265895,-1.1832337,-0.1207288,1.2658651,-1.1832292,-0.1206615,1.2659175,-1.1832203,-0.1206316,1.2659698,-1.1832128,-0.1206241,1.265895,-1.1832218,-0.1206241,1.2658352,-1.183224,-0.1205793,1.2658502,-1.1832195,-0.1205494,1.2658053,-1.1832195,-0.1204971,1.265753,-1.1832106,-0.1203625,1.2658427,-1.1832083,-0.1204373,1.2658352,-1.1832068,-0.1204148,1.26591,-1.1832008,-0.1204447,1.2658278,-1.1831986,-0.1203326,1.2658876,-1.1831941,-0.1203625,1.2658651,-1.1831971,-0.1203625,1.2658726,-1.1831941,-0.1203476,1.2658577,-1.1831949,-0.1203326,1.2659548,-1.1831934,-0.1204223,1.2659025,-1.1831941,-0.1203775,1.2659399,-1.1831919,-0.1203924,1.26591,-1.1831919,-0.1203625,1.2658876,-1.1831934,-0.1203476,1.2658651,-1.1831896,-0.1202953,1.2658577,-1.1831896,-0.1202878,1.2659474,-1.1831874,-0.1203625,1.2659623,-1.1831896,-0.1203999,1.265895,-1.1831896,-0.1203252,1.2658876,-1.1831874,-0.1202953,1.265895,-1.1831859,-0.1202953,1.265895,-1.1831844,-0.1202803,1.2658203,-1.1831866,-0.1202205,1.2658876,-1.1831822,-0.1202504,1.2658352,-1.1831829,-0.1201981,1.2658352,-1.1831792,-0.1201682,1.2658577,-1.1831747,-0.1201458,1.2658128,-1.1831709,-0.1200636,1.2658278,-1.1831657,-0.1200337,1.2658577,-1.183168,-0.120086,1.2660669,-1.1831657,-0.1202953,1.26591,-1.1831792,-0.1202504,1.2658726,-1.1831792,-0.1202056,1.2658427,-1.1831777,-0.1201682,1.2658726,-1.1831754,-0.1201757,1.2658577,-1.1831747,-0.1201458,1.2657381,-1.1831597,-0.1198692,1.26591,-1.183162,-0.1200935,1.2658352,-1.1831657,-0.1200411,1.2658427,-1.1831672,-0.1200561,1.2658801,-1.1831657,-0.120086,1.2658651,-1.1831642,-0.1200636,1.2658352,-1.1831642,-0.1200337,1.2658203,-1.1831597,-0.1199589,1.2658577,-1.1831567,-0.1199813,1.2660221,-1.1831657,-0.1202429,1.2658651,-1.1831672,-0.120086,1.2658502,-1.1831672,-0.120071,1.265895,-1.1831672,-0.1201159,1.2658651,-1.1831672,-0.120086,1.2658801,-1.1831657,-0.120086,1.2658427,-1.1831597,-0.1199963,1.2658502,-1.1831567,-0.1199813,1.2658053,-1.183153,-0.1198917,1.2657605,-1.183147,-0.1197795,1.2658128,-1.1831433,-0.119802,1.2658053,-1.183147,-0.1198319,1.26591,-1.183141,-0.1198917,1.2658502,-1.1831403,-0.1198169,1.2658577,-1.1831366,-0.119802,1.2659025,-1.1831366,-0.1198468,1.2659249,-1.1831381,-0.1198842,1.2658726,-1.1831396,-0.1198393,1.2658502,-1.1831381,-0.119802,1.2658203,-1.1831381,-0.1197721,1.2658876,-1.1831321,-0.119787,1.2658726,-1.1831306,-0.1197571,1.2658352,-1.1831298,-0.1197048,1.2658502,-1.1831298,-0.1197197,1.2658577,-1.1831261,-0.1196973,1.2658203,-1.1831246,-0.119645,1.2657157,-1.1831171,-0.1194582,1.2657979,-1.1831082,-0.1194656,1.2658801,-1.1831029,-0.1195105,1.2658876,-1.1831044,-0.1195254,1.2658876,-1.1831074,-0.1195628,1.2658876,-1.1831074,-0.1195553,1.2659399,-1.1831059,-0.1196002,1.265895,-1.1831059,-0.1195478,1.2658352,-1.1830992,-0.1194283,1.265895,-1.1830977,-0.1194806,1.2659324,-1.1831007,-0.1195478,1.2659548,-1.1830992,-0.1195628,1.2659249,-1.1830992,-0.1195254,1.265895,-1.1831007,-0.1195105,1.2658577,-1.1831014,-0.1194731,1.2658876,-1.1830999,-0.119488,1.26591,-1.1830984,-0.119503,1.2659548,-1.1830955,-0.1195179,1.2659324,-1.1830962,-0.119503,1.2659025,-1.1830999,-0.119503,1.2659324,-1.1831059,-0.1195927,1.2658427,-1.1831007,-0.1194507,1.2659698,-1.183094,-0.1195254,1.2651999,-1.1831896,-0.1195628,1.2662538,-1.1830992,-0.1198842,1.2661417,-1.1831052,-0.1198094,1.2660669,-1.1831104,-0.119787,1.2660146,-1.1831059,-0.1196824,1.2661267,-1.1831112,-0.1198543,1.2661267,-1.1831134,-0.1198692,1.2661865,-1.1831171,-0.1199813,1.2661193,-1.1831156,-0.1198917,1.2661193,-1.1831119,-0.1198543,1.2661492,-1.1831179,-0.119944,1.2661267,-1.1831224,-0.1199514,1.2662164,-1.1831283,-0.1201159,1.2662015,-1.1831381,-0.1201906,1.2662388,-1.1831373,-0.120213,1.2662388,-1.183147,-0.1203102,1.2660669,-1.1831455,-0.1201084,1.2659324,-1.1831657,-0.1201458,1.2660296,-1.1831672,-0.1202654,1.2659474,-1.183168,-0.1201831,1.266037,-1.1831732,-0.1203252,1.2661118,-1.1831709,-0.1203849,1.2660146,-1.1831874,-0.1204373,1.2660595,-1.1831919,-0.120527,1.2659997,-1.1831941,-0.1204896,1.26591,-1.1832016,-0.1204597,1.2659324,-1.1832046,-0.1205045,1.2658502,-1.1832008,-0.12037,1.2660595,-1.1831986,-0.1205867,1.266052,-1.1832083,-0.1206764,1.2659399,-1.1832143,-0.1206017,1.2660146,-1.1832165,-0.1207063,1.265895,-1.1832195,-0.1206017,1.2659997,-1.1832195,-0.1207138,1.2658726,-1.1832225,-0.1206092,1.2660669,-1.1832158,-0.1207587,1.2659997,-1.1832195,-0.1207138,1.265611,-1.1832689,-0.1207437,1.2657456,-1.1832629,-0.1208334,1.2648636,-1.1833571,-0.1207437,1.2650878,-1.1833234,-0.1206764,1.2651177,-1.1833167,-0.1206465,1.2652298,-1.1833047,-0.1206615,1.2653793,-1.1832973,-0.1207587,1.2654167,-1.1832995,-0.1208184,1.2653943,-1.1832958,-0.1207587,1.2652448,-1.1833159,-0.1207736,1.26517,-1.1833197,-0.1207362,1.2655736,-1.1832681,-0.1207063,1.2654316,-1.1832808,-0.1206615,1.2652896,-1.1832958,-0.1206465,1.2653195,-1.1832935,-0.120654,1.2654615,-1.1832808,-0.1206989,1.2654017,-1.1832875,-0.1206839,1.2655438,-1.1832771,-0.1207587,1.265484,-1.1832883,-0.120796,1.2655363,-1.183286,-0.1208184,1.265469,-1.1832905,-0.120796,1.2654989,-1.1832823,-0.1207437,1.2656334,-1.1832786,-0.1208558,1.2657829,-1.1832614,-0.1208633,1.2658726,-1.1832629,-0.1209829,1.2658203,-1.1832644,-0.120938,1.2645646,-1.1834034,-0.1208409,1.2636528,-1.1835222,-0.120938,1.263451,-1.1835342,-0.1208334,1.2636677,-1.1835305,-0.1210427,1.2636902,-1.1835305,-0.1210576,1.2638023,-1.1835357,-0.1212295,1.2636229,-1.1835357,-0.1210352,1.2636752,-1.1835379,-0.1211099,1.2636229,-1.1835364,-0.1210427,1.2636603,-1.1835357,-0.1210726,1.2629203,-1.1836269,-0.1211099,1.2626812,-1.1836583,-0.1211398,1.2627036,-1.183659,-0.1211623,1.2626438,-1.1836366,-0.1208857,1.262726,-1.1836343,-0.1209605,1.2633015,-1.183517,-0.1205045,1.2627559,-1.1835992,-0.1206764,1.2627783,-1.1836082,-0.1207811,1.2631371,-1.1835985,-0.12108,1.2629727,-1.1836044,-0.120953,1.2629652,-1.1836044,-0.1209455,1.2632641,-1.1835708,-0.1209679,1.2632791,-1.183576,-0.1210277,1.2631221,-1.1836284,-0.1213342,1.2629353,-1.1836493,-0.1213267,1.2635482,-1.1835738,-0.1213043,1.263451,-1.1835873,-0.1213192,1.2633837,-1.1835962,-0.1213267,1.2651327,-1.1834041,-0.1214762,1.2647814,-1.1834325,-0.1213491,1.2641386,-1.1835192,-0.1214463,1.2634884,-1.183597,-0.1214537,1.2639069,-1.1835484,-0.1214612,1.2639069,-1.1835454,-0.1214313,1.2636528,-1.1835783,-0.1214612,1.2637724,-1.1835686,-0.1215061,1.2643255,-1.1835103,-0.1215733,1.264034,-1.1835529,-0.1216406,1.2639966,-1.1835611,-0.121678,1.2648636,-1.183455,-0.1216481,1.2659997,-1.1833257,-0.1217004,1.2661043,-1.1833212,-0.1217677,1.2660296,-1.1833212,-0.1216929,1.2660221,-1.1833182,-0.121663,1.2661118,-1.1833197,-0.1217677,1.2660221,-1.1833249,-0.1217153,1.2659847,-1.1833212,-0.1216406,1.2660968,-1.1833197,-0.1217527,1.2660744,-1.1833234,-0.1217602,1.2660744,-1.1833234,-0.1217602,1.2660445,-1.1833219,-0.1217153,1.2660595,-1.1833234,-0.1217452,1.266052,-1.1833212,-0.1217153,1.266037,-1.1833331,-0.1218125,1.2659997,-1.1833361,-0.1217976,1.2659997,-1.1833346,-0.1217826,1.2660819,-1.1833369,-0.1218947,1.2660296,-1.1833376,-0.1218424,1.2660819,-1.1833346,-0.1218723,1.2660445,-1.1833399,-0.1218798,1.2659922,-1.1833421,-0.1218499,1.2660744,-1.1833421,-0.1219321,1.2660894,-1.1833443,-0.1219695,1.266037,-1.1833458,-0.1219321,1.266037,-1.1833458,-0.1219246,1.2660968,-1.1833443,-0.1219844,1.2660146,-1.1833511,-0.121947,1.2659997,-1.1833496,-0.1219171,1.2660071,-1.1833488,-0.1219171,1.2659847,-1.1833443,-0.1218573,1.2659922,-1.1833436,-0.1218573,1.2660445,-1.1833443,-0.1219246,1.2660296,-1.1833473,-0.1219246,1.2660071,-1.1833436,-0.1218723,1.2660894,-1.1833443,-0.1219695,1.2661791,-1.1833406,-0.1220442,1.2660669,-1.1833443,-0.1219545,1.2662613,-1.1833571,-0.1222759,1.2661267,-1.183372,-0.1222684,1.2661716,-1.183372,-0.1223207,1.2661566,-1.1833787,-0.1223581,1.2660221,-1.1833795,-0.1222236,1.2660968,-1.1833869,-0.1223805,1.2660595,-1.1833944,-0.122403,1.2661865,-1.1833899,-0.1225001,1.2661417,-1.1833959,-0.1225076,1.2660744,-1.1833982,-0.1224553,1.266037,-1.1833974,-0.122403,1.2659997,-1.1834026,-0.1224179,1.2661342,-1.1834019,-0.1225524,1.2660595,-1.1834034,-0.1224852,1.2661118,-1.1833989,-0.1225001,1.2661342,-1.1834049,-0.1225749,1.2661267,-1.1834206,-0.1227243,1.2660296,-1.1834251,-0.1226496,1.2660744,-1.1834221,-0.1226795,1.2660744,-1.1834243,-0.1227019,1.2659773,-1.1834288,-0.1226197,1.2659847,-1.1834266,-0.1226197,1.2659548,-1.1834236,-0.1225674,1.2659474,-1.1834206,-0.1225225,1.2660071,-1.1834183,-0.1225674,1.2660071,-1.1834176,-0.1225599,1.2659773,-1.1834176,-0.1225225,1.2659847,-1.1834124,-0.1224852,1.2659548,-1.1834079,-0.1224104,1.266037,-1.1834124,-0.1225375,1.266037,-1.1834146,-0.1225674,1.2660669,-1.1834161,-0.1226122,1.2659997,-1.1834183,-0.1225599,1.2660445,-1.1834124,-0.122545,1.2661492,-1.1834109,-0.1226571,1.2660968,-1.1834176,-0.1226571,1.2662015,-1.1834213,-0.1228066,1.2660968,-1.1834266,-0.1227318,1.266037,-1.1834288,-0.122687,1.2660595,-1.1834251,-0.122687,1.2660296,-1.1834273,-0.1226795,1.2661566,-1.1834273,-0.122814,1.2660221,-1.1834296,-0.122687,1.2660445,-1.1834325,-0.1227393,1.2660221,-1.1834385,-0.1227617,1.2660894,-1.1834348,-0.122814,1.266037,-1.1834385,-0.1227841,1.2659997,-1.1834333,-0.1227019,1.2660445,-1.1834348,-0.1227542,1.2659698,-1.183434,-0.122672,1.2660146,-1.1834325,-0.1227019,1.266037,-1.183434,-0.1227393,1.2660894,-1.183434,-0.1227991,1.2660221,-1.1834348,-0.1227318,1.2660221,-1.183434,-0.1227243,1.2660595,-1.1834348,-0.1227841,1.2659623,-1.1834348,-0.122672,1.2660221,-1.183431,-0.1226945,1.2660819,-1.1834296,-0.1227468,1.2659548,-1.1834288,-0.1225973,1.2659698,-1.1834236,-0.1225749,1.2659474,-1.1834221,-0.12253,1.2659175,-1.1834236,-0.1225151,1.2659249,-1.1834236,-0.1225225,1.2659623,-1.1834228,-0.1225524,1.2658801,-1.1834191,-0.1224254,1.2660669,-1.1834146,-0.1225973,1.2660071,-1.1834183,-0.1225674,1.26591,-1.1834161,-0.1224403,1.2659548,-1.1834079,-0.122403,1.2659548,-1.1834071,-0.122403,1.2659847,-1.1834064,-0.1224254,1.2660296,-1.1834049,-0.1224628,1.266052,-1.1834041,-0.1224777,1.2659698,-1.1834079,-0.1224254,1.2659997,-1.1834041,-0.1224254,1.2660221,-1.1834011,-0.1224179,1.2659922,-1.1834011,-0.122388,1.2660146,-1.1833944,-0.1223581,1.2659847,-1.1833922,-0.1222983,1.2659922,-1.1833944,-0.1223282,1.2659847,-1.1833944,-0.1223207,1.2658278,-1.1833929,-0.1221264,1.2658726,-1.1833765,-0.1220367,1.265469,-1.1833645,-0.1214687,1.2657381,-1.1833085,-0.1212519,1.2657306,-1.1833025,-0.1211922,1.2661193,-1.1833122,-0.1217079,1.266209,-1.1833182,-0.1218573,1.266037,-1.1833249,-0.1217303,1.2658278,-1.1833249,-0.1215061,1.2658876,-1.1833197,-0.1215135,1.2657157,-1.1833159,-0.1212968,1.2655811,-1.1832988,-0.1209903,1.2657829,-1.1832853,-0.1210875,1.2655363,-1.1832726,-0.1207063,1.2659474,-1.1832704,-0.1211249,1.2659548,-1.1832711,-0.1211548,1.2660445,-1.1832718,-0.1212519,1.2659324,-1.1832786,-0.1211922,1.2658726,-1.1832771,-0.1211099,1.2659548,-1.1832733,-0.1211697,1.2657904,-1.1832883,-0.1211249,1.2660744,-1.1832696,-0.1212669,1.2660071,-1.1832786,-0.1212669,1.2660595,-1.1832786,-0.1213342,1.2659997,-1.1832748,-0.1212295,1.2660819,-1.1832771,-0.1213416,1.266052,-1.1832771,-0.1213117,1.2660296,-1.1832801,-0.1213117,1.266037,-1.1832823,-0.1213416,1.2660221,-1.1832823,-0.1213192,1.266037,-1.1832875,-0.1213865,1.2659399,-1.1832898,-0.1213043,1.2660595,-1.1832831,-0.1213715,1.2660819,-1.1832808,-0.121379,1.266037,-1.183286,-0.121379,1.2659698,-1.183295,-0.121379,1.2660221,-1.183292,-0.1214164,1.2659399,-1.1832958,-0.1213566,1.2659698,-1.1832958,-0.1213865,1.2655064,-1.1832763,-0.1207063,1.2658801,-1.1832502,-0.1208708,1.2660595,-1.1832464,-0.1210427,1.2660669,-1.1832517,-0.1210875,1.2660894,-1.1832532,-0.1211324,1.2660595,-1.1832599,-0.1211548,1.266037,-1.1832599,-0.1211324,1.2660595,-1.1832547,-0.1211099,1.2654989,-1.1832517,-0.1204672,1.2656633,-1.1832143,-0.1203027,1.2657231,-1.1832098,-0.1203252,1.2658726,-1.1832008,-0.1204074,1.2659324,-1.1831993,-0.1204597,1.2659175,-1.1831956,-0.1204074,1.2657157,-1.1831941,-0.1201757,1.2660146,-1.1831881,-0.1204447,1.2659773,-1.1831896,-0.1204223,1.2659175,-1.1831881,-0.1203326,1.26591,-1.1831829,-0.1202803,1.2659548,-1.1831822,-0.1203252,1.2659025,-1.1831822,-0.1202654,1.26591,-1.1831822,-0.1202803,1.2659025,-1.1831769,-0.1202205,1.2658876,-1.1831732,-0.1201682,1.2659548,-1.1831635,-0.1201532,1.2660445,-1.183156,-0.1201831,1.2659548,-1.1831642,-0.1201607,1.2659548,-1.1831672,-0.1201831,1.2659773,-1.1831642,-0.1201831,1.2659922,-1.1831635,-0.1201906,1.2659474,-1.1831657,-0.1201682,1.2660071,-1.1831672,-0.1202355,1.2657231,-1.1831635,-0.1198917,1.2659474,-1.1831567,-0.120086,1.2659175,-1.1831523,-0.1200038,1.2659548,-1.1831493,-0.1200187,1.2659773,-1.1831455,-0.1200112,1.2659773,-1.1831485,-0.1200411,1.2659399,-1.183147,-0.1199813,1.2659249,-1.1831358,-0.1198692,1.2659548,-1.1831343,-0.1198842,1.2657829,-1.1831328,-0.1196824,1.2658352,-1.1831179,-0.1196002,1.2658876,-1.1831119,-0.1196002,1.2659847,-1.1831112,-0.1197048,1.2659922,-1.1831156,-0.1197496,1.2659623,-1.1831164,-0.1197272,1.2660146,-1.1831141,-0.1197646,1.2659474,-1.1831179,-0.1197272,1.2659847,-1.1831134,-0.1197272,1.2659698,-1.1831112,-0.1196824,1.2659399,-1.1831067,-0.1196151,1.2659399,-1.1831059,-0.1196002,1.2659922,-1.1831014,-0.1196151,1.2659623,-1.1831007,-0.1195703,1.2659623,-1.1830992,-0.1195703,1.2659922,-1.183094,-0.1195553,1.2659773,-1.1830955,-0.1195478,1.2659922,-1.183094,-0.1195553,1.2659698,-1.183094,-0.1195254,1.2660146,-1.1830932,-0.1195628,1.2660296,-1.1830947,-0.1196002,1.2659922,-1.1830917,-0.1195329,1.2659922,-1.1830902,-0.1195179,1.266037,-1.1830887,-0.1195553,1.266052,-1.1830932,-0.1196076,1.2660819,-1.1830932,-0.1196375,1.2659324,-1.1830932,-0.1194731,1.2660445,-1.183091,-0.1195703,1.2659922,-1.1830917,-0.1195329,1.2659847,-1.1830932,-0.1195329,1.2659847,-1.1830895,-0.1194955,1.2660669,-1.183088,-0.1195777,1.2660669,-1.183091,-0.1196076,1.2660146,-1.1830895,-0.1195329,1.2659997,-1.1830917,-0.1195404,1.2660146,-1.1830925,-0.1195628,1.266037,-1.1830917,-0.1195777,1.2660894,-1.1830947,-0.1196674,1.266037,-1.1830999,-0.1196525,1.2659922,-1.1830984,-0.1195927,1.2659698,-1.1830902,-0.119488,1.2659698,-1.1830895,-0.1194806,1.2660445,-1.1830872,-0.1195478,1.2660595,-1.1830887,-0.1195703,1.2660296,-1.1830902,-0.1195478,1.266052,-1.1830865,-0.1195478,1.2660221,-1.1830902,-0.1195478,1.266052,-1.1830895,-0.1195777,1.2660221,-1.1830902,-0.1195478,1.2658651,-1.1830887,-0.1193685,1.266052,-1.1830828,-0.1195105,1.2659773,-1.1830887,-0.119488,1.2659922,-1.183088,-0.119488,1.2660071,-1.1830842,-0.1194806,1.2659922,-1.183085,-0.1194656,1.265895,-1.1830813,-0.1193311,1.2659847,-1.1830805,-0.1194208,1.2657082,-1.1830663,-0.1189873,1.2659698,-1.1830678,-0.1192862,1.26591,-1.1830641,-0.1191891,1.2658651,-1.1830633,-0.1191293,1.2660071,-1.1830715,-0.119361,1.266052,-1.1830753,-0.1194432,1.2660221,-1.1830671,-0.1193311,1.2660296,-1.1830656,-0.1193236,1.2659249,-1.1830768,-0.1193161,1.2659474,-1.1830715,-0.1192937,1.2659847,-1.1830708,-0.1193236,1.2660595,-1.1830656,-0.119361,1.2660445,-1.1830671,-0.119361,1.2660819,-1.1830753,-0.1194806,1.2660221,-1.1830753,-0.1194133,1.2659847,-1.1830723,-0.119346,1.2659773,-1.1830678,-0.1192862,1.2658203,-1.1830641,-0.1190844,1.2658278,-1.1830529,-0.1189873,1.2658801,-1.1830529,-0.1190396,1.2659175,-1.1830491,-0.1190545,1.2659175,-1.1830491,-0.1190545,1.2659324,-1.1830446,-0.1190321,1.2659025,-1.1830476,-0.1190321,1.2659773,-1.1830424,-0.119062,1.2658352,-1.1830394,-0.1188677,1.2659025,-1.1830304,-0.1188677,1.2659324,-1.1830267,-0.1188677,1.2658801,-1.1830215,-0.1187631,1.26591,-1.1830215,-0.118793,1.2659847,-1.1830177,-0.1188378,1.2659474,-1.1830192,-0.1188154,1.2659324,-1.183017,-0.1187705,1.2659623,-1.1830207,-0.1188453,1.2659847,-1.1830177,-0.1188378,1.2659324,-1.183017,-0.1187705,1.2659548,-1.183014,-0.118778,1.2659847,-1.1830103,-0.1187705,1.2659773,-1.1830132,-0.1187855,1.2659922,-1.1830132,-0.1188004,1.2657007,-1.1830005,-0.1183669,1.2659847,-1.1829968,-0.1186509,1.2659922,-1.1830028,-0.1187107,1.2660071,-1.1830065,-0.1187631,1.2660221,-1.1830065,-0.118778,1.2660146,-1.1830095,-0.118793,1.2660071,-1.1830095,-0.1187855,1.2659922,-1.1830095,-0.1187705,1.2659698,-1.183008,-0.1187332,1.2660894,-1.1830095,-0.1188752,1.2660595,-1.1830103,-0.1188453,1.2659623,-1.183014,-0.118778,1.2659773,-1.183017,-0.1188228,1.2659623,-1.1830117,-0.1187556,1.2659474,-1.1830103,-0.1187332,1.2657904,-1.1830065,-0.1185239,1.2659324,-1.183002,-0.118636,1.2659623,-1.1830005,-0.1186584,1.2658053,-1.1829908,-0.1183894,1.2658203,-1.1829893,-0.1183894,1.2659548,-1.1829863,-0.1185164,1.2659922,-1.1829863,-0.1185613,1.2660071,-1.1829893,-0.1185986,1.2658726,-1.1829856,-0.1184118,1.2658726,-1.1829833,-0.1183968,1.2659175,-1.1829766,-0.1183894,1.2659025,-1.1829751,-0.1183595,1.2659623,-1.1829759,-0.1184267,1.2659847,-1.1829781,-0.1184716,1.2659025,-1.1829804,-0.1183968,1.2658876,-1.1829789,-0.1183744,1.2655961,-1.1829617,-0.1178961,1.2659324,-1.1829549,-0.118195,1.2659249,-1.1829534,-0.1181801,1.2659922,-1.1829572,-0.1182847,1.2659773,-1.1829632,-0.1183221,1.2659399,-1.1829684,-0.1183296,1.26591,-1.1829669,-0.1182922,1.2659474,-1.1829676,-0.1183296,1.2659249,-1.1829669,-0.1182997,1.2659773,-1.1829654,-0.118352,1.2659773,-1.1829632,-0.1183221,1.2659399,-1.1829676,-0.1183221,1.265895,-1.1829602,-0.11821,1.2659175,-1.1829572,-0.1182025,1.2659175,-1.1829557,-0.118195,1.2659399,-1.182952,-0.1181875,1.2659548,-1.182952,-0.118195,1.2659324,-1.182952,-0.1181726,1.2659548,-1.1829505,-0.1181801,1.2659324,-1.1829512,-0.1181726,1.2659324,-1.1829505,-0.1181577,1.2659474,-1.182946,-0.1181352,1.2659399,-1.182946,-0.1181278,1.2657007,-1.1829333,-0.1177466,1.2658278,-1.182925,-0.1178138,1.2658128,-1.1829273,-0.1178138,1.2658801,-1.182925,-0.1178587,1.2658352,-1.1829243,-0.1178138,1.2658278,-1.1829183,-0.1177466,1.2659175,-1.1829123,-0.1177914,1.26591,-1.1829161,-0.1178213,1.2659623,-1.1829153,-0.1178736,1.2659623,-1.1829123,-0.1178437,1.2659548,-1.1829101,-0.1178138,1.2658876,-1.1829123,-0.117754,1.2659399,-1.1829116,-0.1178064,1.2659623,-1.1829071,-0.1177914,1.2658577,-1.1829153,-0.117754,1.265611,-1.1829497,-0.1177989,1.2654914,-1.1829602,-0.1177615,1.2655064,-1.1829512,-0.1177092,1.265611,-1.1829467,-0.117769,1.2656633,-1.1829437,-0.1177914,1.2656783,-1.1829407,-0.1177914,1.2657456,-1.1829415,-0.1178662,1.2657157,-1.1829505,-0.117926,1.2660595,-1.1829198,-0.1180156,1.2661641,-1.1829146,-0.1180829,1.2659548,-1.1829385,-0.1180754,1.265768,-1.1829557,-0.1180306,1.2657157,-1.1829647,-0.1180605,1.265626,-1.1829714,-0.1180156,1.2656783,-1.1829632,-0.1180007,1.2656409,-1.1829833,-0.1181427,1.265626,-1.1829833,-0.1181203,1.2655512,-1.1829931,-0.1181352,1.2655512,-1.1829916,-0.1181203,1.2655811,-1.1829916,-0.1181577,1.2655811,-1.1829983,-0.11821,1.2655213,-1.182999,-0.1181577,1.2655512,-1.183002,-0.11821,1.2655886,-1.1829953,-0.118195,1.2655886,-1.1829968,-0.11821,1.2657231,-1.1829931,-0.1183221,1.2656409,-1.1829916,-0.1182174,1.2656409,-1.182999,-0.1182847,1.2655213,-1.1830207,-0.118352,1.2655363,-1.1830192,-0.1183669,1.2657904,-1.182999,-0.1184566,1.2657306,-1.1829953,-0.118352,1.2658801,-1.1829691,-0.1182772,1.2660296,-1.1829579,-0.1183296,1.2659474,-1.1829587,-0.1182473,1.2659474,-1.1829662,-0.1183146,1.2658876,-1.1829676,-0.1182698,1.2659847,-1.1829654,-0.1183595,1.2659548,-1.1829691,-0.1183595,1.2660071,-1.1829602,-0.118337,1.2659249,-1.1829706,-0.118337,1.2658577,-1.1829729,-0.1182847,1.2658651,-1.1829684,-0.1182473,1.265895,-1.1829669,-0.1182698,1.2659025,-1.1829706,-0.1183071,1.2658128,-1.1829729,-0.1182324,1.2658651,-1.1829691,-0.1182623,1.2658128,-1.1829729,-0.1182399,1.2658053,-1.1829691,-0.118195,1.2658502,-1.1829654,-0.1182025,1.2658651,-1.1829594,-0.1181726,1.2658203,-1.1829662,-0.1181726,1.2657157,-1.1829706,-0.1181128,1.2656858,-1.1829721,-0.1180829,1.2657082,-1.1829721,-0.1181128,1.2657904,-1.1829617,-0.1181128,1.265895,-1.1829475,-0.1180904,1.2658651,-1.1829497,-0.1180829,1.265895,-1.182946,-0.1180754,1.2658502,-1.182952,-0.1180829,1.2658651,-1.1829497,-0.1180829,1.2658726,-1.1829422,-0.1180156,1.2658801,-1.1829437,-0.1180381,1.2659249,-1.1829415,-0.118068,1.2658502,-1.1829452,-0.1180231,1.2659399,-1.18294,-0.1180754,1.2659249,-1.1829437,-0.1180829,1.2659175,-1.1829437,-0.1180754,1.2659025,-1.1829437,-0.1180605,1.2658352,-1.1829482,-0.1180306,1.2659025,-1.1829437,-0.1180605,1.2658352,-1.1829437,-0.1179857,1.2658502,-1.1829422,-0.1179857,1.26591,-1.18294,-0.1180306,1.2659025,-1.18294,-0.1180306,1.26591,-1.18294,-0.1180381,1.2658352,-1.1829415,-0.1179708,1.2658128,-1.18294,-0.1179334,1.2658502,-1.182934,-0.1179185,1.2657082,-1.182949,-0.1178961,1.2657381,-1.1829527,-0.1179708,1.2655213,-1.1829691,-0.1178811,1.2655811,-1.1829639,-0.1178961,1.2655438,-1.1829654,-0.1178736,1.2655139,-1.1829669,-0.1178587,1.2654914,-1.1829684,-0.1178363,1.2655512,-1.1829617,-0.1178437,1.2655064,-1.1829632,-0.1178064,1.2655139,-1.1829654,-0.1178288,1.2656708,-1.182949,-0.1178512,1.2657157,-1.182943,-0.1178512,1.2657456,-1.1829415,-0.1178736,1.2657306,-1.1829437,-0.1178736,1.2657157,-1.1829422,-0.1178437,1.2656334,-1.182952,-0.1178437,1.2657456,-1.182946,-0.117911,1.2657755,-1.1829512,-0.1179932,1.2657306,-1.1829579,-0.1180082,1.2656932,-1.1829594,-0.1179783,1.2657306,-1.1829475,-0.117911,1.2658053,-1.1829407,-0.1179334,1.2657456,-1.1829437,-0.1178886,1.2656035,-1.1829587,-0.1178736,1.2655736,-1.1829632,-0.1178811,1.2655662,-1.1829572,-0.1178138,1.2656633,-1.1829482,-0.1178437,1.2656409,-1.1829482,-0.1178213,1.265611,-1.1829475,-0.1177765,1.2656559,-1.1829475,-0.1178288,1.2655139,-1.1829549,-0.1177391,1.2655363,-1.1829549,-0.1177615,1.2655662,-1.1829549,-0.1177989,1.2656185,-1.1829482,-0.1177989,1.2655961,-1.1829475,-0.1177615,1.2652074,-1.1829086,-0.1169767,1.2652149,-1.1828735,-0.1166554,1.2653569,-1.1828735,-0.1168198,1.2654242,-1.1828937,-0.1170739,1.2655213,-1.1828877,-0.1171262,1.2655213,-1.1828802,-0.117059,1.265611,-1.1828735,-0.1170889,1.2656559,-1.182875,-0.1171561,1.265611,-1.1828787,-0.1171412,1.2656035,-1.1828765,-0.1171113,1.2656334,-1.1828802,-0.1171785,1.2656484,-1.1828787,-0.1171935,1.2654914,-1.1828667,-0.1168945,1.2656334,-1.1828511,-0.1169169,1.2654914,-1.1828667,-0.116902,1.2657605,-1.182854,-0.1170739,1.2656409,-1.182854,-0.1169468,1.2656334,-1.1828555,-0.1169543,1.265753,-1.1828451,-0.1169917,1.2657157,-1.1828503,-0.1169992,1.2657007,-1.182854,-0.1170066,1.2657082,-1.1828548,-0.1170291,1.2656783,-1.1828525,-0.1169767,1.2656559,-1.1828563,-0.1169842,1.2657381,-1.1828563,-0.1170739,1.2655811,-1.18286,-0.1169394,1.265611,-1.1828593,-0.1169618,1.265626,-1.182869,-0.1170739,1.2657979,-1.1828473,-0.117059,1.2654391,-1.1828966,-0.1171113,1.2654391,-1.1828952,-0.1171038,1.265342,-1.1829026,-0.1170739,1.2651626,-1.1829243,-0.1170664,1.26517,-1.1829243,-0.1170814,1.2651103,-1.1829273,-0.1170365,1.2652074,-1.1829123,-0.1170141,1.2652298,-1.1829116,-0.1170291,1.2652822,-1.1829011,-0.1169917,1.2652822,-1.1829011,-0.1169917,1.2652448,-1.1829026,-0.1169618,1.2652672,-1.1829026,-0.1169917,1.2654615,-1.1828854,-0.1170365,1.265484,-1.1828809,-0.1170216,1.2655363,-1.1828802,-0.1170739,1.2655438,-1.1828817,-0.1170963,1.2654914,-1.1828877,-0.1170963,1.2650131,-1.1829392,-0.117044,1.2649682,-1.1829422,-0.1170216,1.265028,-1.18294,-0.1170739,1.2650206,-1.1829392,-0.117059,1.2651626,-1.1829176,-0.1170141,1.2654914,-1.1828712,-0.1169394,1.2653793,-1.1828824,-0.1169244,1.2655587,-1.1828578,-0.1168945,1.2656484,-1.1828451,-0.1168721,1.2656484,-1.1828428,-0.1168422,1.2656783,-1.1828428,-0.1168796,1.2656559,-1.1828436,-0.1168721,1.2655288,-1.1828451,-0.1167376,1.2655512,-1.1828436,-0.11676,1.265626,-1.1828354,-0.11676,1.2655363,-1.1828301,-0.116618,1.2653345,-1.1828585,-0.1166628,1.26517,-1.1828451,-0.1163489,1.2652074,-1.1828339,-0.1162816,1.2653494,-1.1828286,-0.1163938,1.2653793,-1.1828249,-0.1163938,1.2652971,-1.1828264,-0.1163115,1.2652747,-1.1828227,-0.1162592,1.2652448,-1.1828212,-0.1162069,1.2652971,-1.1828137,-0.116192,1.265342,-1.1828107,-0.1162144,1.2653718,-1.182804,-0.116192,1.2654391,-1.182804,-0.1162742,1.2653793,-1.1828077,-0.1162368,1.2655438,-1.1827928,-0.1162667,1.265342,-1.1828264,-0.1163564,1.2653644,-1.1828189,-0.116319,1.2653868,-1.1828189,-0.1163414,1.2653718,-1.1828159,-0.1163041,1.2653644,-1.1828189,-0.116319,1.2653793,-1.1828137,-0.1162891,1.2653868,-1.1828144,-0.1163041,1.2654167,-1.1828092,-0.1162816,1.2653868,-1.1828099,-0.1162592,1.2652822,-1.1828137,-0.1161845,1.2652224,-1.1828129,-0.1161097,1.2653345,-1.1828085,-0.1161994,1.2652971,-1.1828092,-0.1161546,1.265342,-1.1828047,-0.1161695,1.2653195,-1.1828077,-0.1161621,1.265342,-1.1828025,-0.1161396,1.2653494,-1.1827972,-0.1161023,1.2653046,-1.1827957,-0.1160425,1.2652822,-1.1827845,-0.1159154,1.2652074,-1.1827875,-0.1158556,1.2652373,-1.1827823,-0.1158407,1.2652597,-1.18278,-0.1158481,1.2652597,-1.1827771,-0.1158182,1.2651925,-1.1827636,-0.1156164,1.2652373,-1.1827584,-0.1156164,1.2652523,-1.1827509,-0.1155716,1.2652523,-1.1827479,-0.1155492,1.2652896,-1.1827472,-0.1155791,1.2652672,-1.1827419,-0.1155043,1.2653046,-1.1827397,-0.1155193,1.2652822,-1.1827382,-0.1154819,1.2652672,-1.1827367,-0.115452,1.2652822,-1.1827307,-0.1154146,1.2651925,-1.1827195,-0.1152128,1.2652373,-1.1827143,-0.1152128,1.2651402,-1.1827158,-0.1151232,1.2651402,-1.182712,-0.1150858,1.2652597,-1.1827083,-0.1151755,1.2652971,-1.1827135,-0.1152726,1.2653121,-1.1827195,-0.1153474,1.2653046,-1.1827195,-0.1153399,1.265327,-1.1827195,-0.1153623,1.2653868,-1.1827173,-0.1153997,1.2654167,-1.1827173,-0.1154371,1.2653121,-1.182718,-0.1153324,1.2652074,-1.182718,-0.1152203,1.2652822,-1.1827158,-0.1152801,1.2652747,-1.1827158,-0.1152652,1.2653121,-1.1827135,-0.1152876,1.2653345,-1.1827061,-0.1152502,1.2653345,-1.1827083,-0.1152726,1.2653718,-1.1827105,-0.115325,1.2654017,-1.182712,-0.1153773,1.2653046,-1.1827061,-0.1152128,1.2652896,-1.1826948,-0.1150858,1.2653195,-1.1826971,-0.1151456,1.2653644,-1.1826986,-0.1152128,1.2652672,-1.1826986,-0.1151007,1.265342,-1.1826971,-0.115168,1.2652597,-1.1826971,-0.1150783,1.2652448,-1.1826933,-0.115026,1.2653195,-1.1826859,-0.1150409,1.2653121,-1.1826881,-0.1150559,1.2652373,-1.1826881,-0.1149662,1.2652747,-1.1826859,-0.1149886,1.2652597,-1.1826799,-0.1149214,1.2652747,-1.1826821,-0.1149587,1.2652448,-1.1826821,-0.1149214,1.2652822,-1.1826799,-0.1149512,1.2652896,-1.1826791,-0.1149438,1.2652971,-1.1826799,-0.1149587,1.2652971,-1.1826791,-0.1149512,1.2653494,-1.1826784,-0.1150036,1.2652597,-1.1826821,-0.1149438,1.265342,-1.1826769,-0.1149811,1.2653644,-1.1826762,-0.1150036,1.2653195,-1.1826836,-0.1150185,1.2653793,-1.1826784,-0.1150335,1.2652822,-1.1826821,-0.1149587,1.2652822,-1.1826784,-0.1149363,1.2652971,-1.1826769,-0.1149363,1.2652822,-1.1826747,-0.1148915,1.2651775,-1.1826672,-0.1147121,1.2651402,-1.1826612,-0.1146224,1.2651999,-1.1826612,-0.1146822,1.2652149,-1.182659,-0.1146822,1.2652149,-1.1826537,-0.1146299,1.2652298,-1.1826478,-0.1145925,1.2652373,-1.1826425,-0.1145476,1.2652822,-1.182641,-0.114585,1.2652971,-1.1826373,-0.1145701,1.2652896,-1.1826425,-0.1146074,1.2651476,-1.1826388,-0.1144131,1.2651925,-1.1826194,-0.1142861,1.2650729,-1.1826134,-0.1140992,1.265185,-1.1826141,-0.1142263,1.2652822,-1.1826119,-0.1143234,1.2652822,-1.1826119,-0.1143159,1.2653195,-1.1826111,-0.1143608,1.2653494,-1.1826081,-0.1143533,1.2652896,-1.1826111,-0.1143234,1.2652822,-1.1826081,-0.1142861,1.2653046,-1.1826066,-0.114301,1.2653121,-1.1826029,-0.1142711,1.2652597,-1.1826074,-0.1142562,1.2653195,-1.1825992,-0.1142412,1.2652672,-1.1826014,-0.1142038,1.2652971,-1.1825939,-0.1141739,1.2652672,-1.1825962,-0.114159,1.2652971,-1.1825939,-0.1141665,1.2652747,-1.1825969,-0.1141665,1.2652672,-1.1825924,-0.1141291,1.2652822,-1.1825917,-0.1141291,1.2653121,-1.182588,-0.1141291,1.2652523,-1.1825917,-0.1140992,1.2652373,-1.1825902,-0.1140693,1.2652523,-1.1825917,-0.1140992,1.2653195,-1.1825842,-0.1140992,1.2652896,-1.1825857,-0.1140842,1.2652597,-1.1825887,-0.1140768,1.2651626,-1.182579,-0.113875,1.2652523,-1.1825782,-0.1139721,1.2652597,-1.1825782,-0.1139796,1.2652971,-1.1825753,-0.1139946,1.2648412,-1.1826238,-0.1139422,1.2656932,-1.1825229,-0.1139497,1.2656783,-1.1825185,-0.1138899,1.2656633,-1.1825155,-0.1138451,1.2656858,-1.1825155,-0.1138675,1.2656858,-1.182517,-0.1138824,1.2656559,-1.1825155,-0.1138376,1.2657007,-1.1825117,-0.1138526,1.2657231,-1.182508,-0.1138451,1.2656932,-1.1825072,-0.1138002,1.2657082,-1.182505,-0.1138002,1.2656858,-1.1825087,-0.1138152,1.2657306,-1.182505,-0.1138227,1.2657157,-1.182508,-0.1138376,1.2657456,-1.1825043,-0.1138301,1.2657231,-1.1825057,-0.1138227,1.2657082,-1.182505,-0.1138002,1.2656858,-1.1825087,-0.1138077,1.2657157,-1.1825043,-0.1137928,1.2657157,-1.1825028,-0.1137853,1.2657231,-1.1825013,-0.1137853,1.2656708,-1.1825013,-0.1137255,1.2657829,-1.1824975,-0.1138152,1.2657082,-1.1825013,-0.1137629,1.2657007,-1.182505,-0.1137928,1.2657007,-1.1825043,-0.1137778,1.2657456,-1.1825043,-0.1138376,1.2656932,-1.1825057,-0.1137853,1.2657306,-1.1825005,-0.1137778,1.2656932,-1.1825043,-0.1137703,1.2657381,-1.182502,-0.1138077,1.265753,-1.1824998,-0.1137928,1.2656932,-1.1825043,-0.1137778,1.2656858,-1.1825043,-0.1137629,1.2657231,-1.1825005,-0.1137778,1.2657157,-1.182502,-0.1137703,1.2656932,-1.1825005,-0.1137404,1.2657231,-1.1824968,-0.1137404,1.2657456,-1.1824968,-0.1137629,1.2657231,-1.182499,-0.1137554,1.2656932,-1.182499,-0.1137255,1.2657381,-1.1824953,-0.1137404,1.2657157,-1.1824975,-0.1137404,1.2656932,-1.1825005,-0.1137404,1.2656559,-1.182499,-0.1136881,1.2656708,-1.1824975,-0.1136881,1.265753,-1.1824923,-0.113733,1.2657157,-1.182493,-0.1136956,1.2656783,-1.1824915,-0.1136433,1.2656708,-1.182493,-0.1136433,1.2656932,-1.1824915,-0.1136582,1.2656858,-1.1824923,-0.1136582,1.2657082,-1.1824901,-0.1136582,1.2656858,-1.1824901,-0.1136358,1.2656932,-1.1824901,-0.1136433,1.2657605,-1.1824901,-0.113718,1.2657231,-1.1824886,-0.1136657,1.2657755,-1.1824856,-0.1136956,1.2657306,-1.1824893,-0.1136806,1.2657456,-1.1824863,-0.1136732,1.2657007,-1.1824901,-0.1136582,1.2656932,-1.182493,-0.1136732,1.2656708,-1.1824893,-0.1136134,1.2656633,-1.1824886,-0.1136059,1.2657157,-1.1824848,-0.1136209,1.2656932,-1.1824863,-0.1136059,1.2657231,-1.1824848,-0.1136209,1.2657381,-1.1824841,-0.1136283,1.2657082,-1.1824811,-0.1135835,1.2656783,-1.1824826,-0.1135611,1.2657082,-1.1824826,-0.1135984,1.2656858,-1.1824818,-0.1135611,1.2657231,-1.1824788,-0.1135685,1.2656783,-1.1824803,-0.1135312,1.2657231,-1.1824773,-0.1135536,1.2657007,-1.1824773,-0.1135312,1.2657082,-1.1824751,-0.1135237,1.2657082,-1.1824751,-0.1135162,1.2657231,-1.1824751,-0.1135312,1.2657231,-1.1824721,-0.1135087,1.2657829,-1.1824661,-0.1135237,1.2657157,-1.1824706,-0.1134863,1.2657231,-1.1824729,-0.1135162,1.2657007,-1.1824721,-0.1134863,1.2657007,-1.1824714,-0.1134788,1.2657007,-1.1824699,-0.1134639,1.2657007,-1.1824691,-0.1134564,1.2656409,-1.1824691,-0.1133892,1.265611,-1.1824646,-0.1133144,1.265611,-1.1824594,-0.113277,1.2656633,-1.1824534,-0.113277,1.2656858,-1.1824549,-0.1133069,1.2656858,-1.1824534,-0.113292,1.2657007,-1.1824482,-0.1132696,1.2656932,-1.1824549,-0.1133219,1.2656858,-1.1824534,-0.1133069,1.2657231,-1.1824527,-0.1133294,1.2656858,-1.1824549,-0.1133069,1.2656559,-1.1824579,-0.1132995,1.2656783,-1.1824512,-0.1132696,1.265768,-1.1824347,-0.1132172,1.265768,-1.1824362,-0.1132247,1.2657605,-1.182437,-0.1132322,1.2657007,-1.1824452,-0.1132397,1.2657157,-1.182446,-0.1132621,1.2657007,-1.1824437,-0.1132172,1.2656858,-1.1824437,-0.1132098,1.2657157,-1.1824437,-0.1132397,1.2657007,-1.18244,-0.1131799,1.2657007,-1.18244,-0.1131948,1.2652448,-1.1824968,-0.1132098,1.2654017,-1.1824773,-0.1132023,1.2654017,-1.1824759,-0.1131948,1.2653644,-1.1824803,-0.1131948,1.2654092,-1.1824803,-0.1132322,1.2653569,-1.1824848,-0.1132247,1.2652822,-1.1824848,-0.1131425,1.2653494,-1.1824781,-0.11315,1.2653046,-1.1824811,-0.1131276,1.2652971,-1.1824811,-0.1131201,1.2651925,-1.1824803,-0.1130005,1.2652747,-1.1824751,-0.1130453,1.2650878,-1.1824953,-0.1130304,1.2651177,-1.1824968,-0.1130678,1.2651327,-1.1824923,-0.1130528,1.2651551,-1.1824915,-0.1130678,1.2651252,-1.1824953,-0.1130678,1.2652597,-1.1824788,-0.1130603,1.2656035,-1.182434,-0.1130229,1.2655736,-1.1824347,-0.113008
2020-09-27.out.1,0.0,1.2659997,-1.1830917,-0.1195404,1.2660146,-1.1830925,-0.1195628,1.266037,-1.1830917,-0.1195777,1.2660894,-1.1830947,-0.1196674,1.266037,-1.1830999,-0.1196525,1.2659922,-1.1830984,-0.1195927,1.2659698,-1.1830902,-0.119488,1.2659698,-1.1830895,-0.1194806,1.2660445,-1.1830872,-0.1195478,1.2660595,-1.1830887,-0.1195703,1.2660296,-1.1830902,-0.1195478,1.266052,-1.1830865,-0.1195478,1.2660221,-1.1830902,-0.1195478,1.266052,-1.1830895,-0.1195777,1.2660221,-1.1830902,-0.1195478,1.2658651,-1.1830887,-0.1193685,1.266052,-1.1830828,-0.1195105,1.2659773,-1.1830887,-0.119488,1.2659922,-1.183088,-0.119488,1.2660071,-1.1830842,-0.1194806,1.2659922,-1.183085,-0.1194656,1.265895,-1.1830813,-0.1193311,1.2659847,-1.1830805,-0.1194208,1.2657082,-1.1830663,-0.1189873,1.2659698,-1.1830678,-0.1192862,1.26591,-1.1830641,-0.1191891,1.2658651,-1.1830633,-0.1191293,1.2660071,-1.1830715,-0.119361,1.266052,-1.1830753,-0.1194432,1.2660221,-1.1830671,-0.1193311,1.2660296,-1.1830656,-0.1193236,1.2659249,-1.1830768,-0.1193161,1.2659474,-1.1830715,-0.1192937,1.2659847,-1.1830708,-0.1193236,1.2660595,-1.1830656,-0.119361,1.2660445,-1.1830671,-0.119361,1.2660819,-1.1830753,-0.1194806,1.2660221,-1.1830753,-0.1194133,1.2659847,-1.1830723,-0.119346,1.2659773,-1.1830678,-0.1192862,1.2658203,-1.1830641,-0.1190844,1.2658278,-1.1830529,-0.1189873,1.2658801,-1.1830529,-0.1190396,1.2659175,-1.1830491,-0.1190545,1.2659175,-1.1830491,-0.1190545,1.2659324,-1.1830446,-0.1190321,1.2659025,-1.1830476,-0.1190321,1.2659773,-1.1830424,-0.119062,1.2658352,-1.1830394,-0.1188677,1.2659025,-1.1830304,-0.1188677,1.2659324,-1.1830267,-0.1188677,1.2658801,-1.1830215,-0.1187631,1.26591,-1.1830215,-0.118793,1.2659847,-1.1830177,-0.1188378,1.2659474,-1.1830192,-0.1188154,1.2659324,-1.183017,-0.1187705,1.2659623,-1.1830207,-0.1188453,1.2659847,-1.1830177,-0.1188378,1.2659324,-1.183017,-0.1187705,1.2659548,-1.183014,-0.118778,1.2659847,-1.1830103,-0.1187705,1.2659773,-1.1830132,-0.1187855,1.2659922,-1.1830132,-0.1188004,1.2657007,-1.1830005,-0.1183669,1.2659847,-1.1829968,-0.1186509,1.2659922,-1.1830028,-0.1187107,1.2660071,-1.1830065,-0.1187631,1.2660221,-1.1830065,-0.118778,1.2660146,-1.1830095,-0.118793,1.2660071,-1.1830095,-0.1187855,1.2659922,-1.1830095,-0.1187705,1.2659698,-1.183008,-0.1187332,1.2660894,-1.1830095,-0.1188752,1.2660595,-1.1830103,-0.1188453,1.2659623,-1.183014,-0.118778,1.2659773,-1.183017,-0.1188228,1.2659623,-1.1830117,-0.1187556,1.2659474,-1.1830103,-0.1187332,1.2657904,-1.1830065,-0.1185239,1.2659324,-1.183002,-0.118636,1.2659623,-1.1830005,-0.1186584,1.2658053,-1.1829908,-0.1183894,1.2658203,-1.1829893,-0.1183894,1.2659548,-1.1829863,-0.1185164,1.2659922,-1.1829863,-0.1185613,1.2660071,-1.1829893,-0.1185986,1.2658726,-1.1829856,-0.1184118,1.2658726,-1.1829833,-0.1183968,1.2659175,-1.1829766,-0.1183894,1.2659025,-1.1829751,-0.1183595,1.2659623,-1.1829759,-0.1184267,1.2659847,-1.1829781,-0.1184716,1.2659025,-1.1829804,-0.1183968,1.2658876,-1.1829789,-0.1183744,1.2655961,-1.1829617,-0.1178961,1.2659324,-1.1829549,-0.118195,1.2659249,-1.1829534,-0.1181801,1.2659922,-1.1829572,-0.1182847,1.2659773,-1.1829632,-0.1183221,1.2659399,-1.1829684,-0.1183296,1.26591,-1.1829669,-0.1182922,1.2659474,-1.1829676,-0.1183296,1.2659249,-1.1829669,-0.1182997,1.2659773,-1.1829654,-0.118352,1.2659773,-1.1829632,-0.1183221,1.2659399,-1.1829676,-0.1183221,1.265895,-1.1829602,-0.11821,1.2659175,-1.1829572,-0.1182025,1.2659175,-1.1829557,-0.118195,1.2659399,-1.182952,-0.1181875,1.2659548,-1.182952,-0.118195,1.2659324,-1.182952,-0.1181726,1.2659548,-1.1829505,-0.1181801,1.2659324,-1.1829512,-0.1181726,1.2659324,-1.1829505,-0.1181577,1.2659474,-1.182946,-0.1181352,1.2659399,-1.182946,-0.1181278,1.2657007,-1.1829333,-0.1177466,1.2658278,-1.182925,-0.1178138,1.2658128,-1.1829273,-0.1178138,1.2658801,-1.182925,-0.1178587,1.2658352,-1.1829243,-0.1178138,1.2658278,-1.1829183,-0.1177466,1.2659175,-1.1829123,-0.1177914,1.26591,-1.1829161,-0.1178213,1.2659623,-1.1829153,-0.1178736,1.2659623,-1.1829123,-0.1178437,1.2659548,-1.1829101,-0.1178138,1.2658876,-1.1829123,-0.117754,1.2659399,-1.1829116,-0.1178064,1.2659623,-1.1829071,-0.1177914,1.2658577,-1.1829153,-0.117754,1.265611,-1.1829497,-0.1177989,1.2654914,-1.1829602,-0.1177615,1.2655064,-1.1829512,-0.1177092,1.265611,-1.1829467,-0.117769,1.2656633,-1.1829437,-0.1177914,1.2656783,-1.1829407,-0.1177914,1.2657456,-1.1829415,-0.1178662,1.2657157,-1.1829505,-0.117926,1.2660595,-1.1829198,-0.1180156,1.2661641,-1.1829146,-0.1180829,1.2659548,-1.1829385,-0.1180754,1.265768,-1.1829557,-0.1180306,1.2657157,-1.1829647,-0.1180605,1.265626,-1.1829714,-0.1180156,1.2656783,-1.1829632,-0.1180007,1.2656409,-1.1829833,-0.1181427,1.265626,-1.1829833,-0.1181203,1.2655512,-1.1829931,-0.1181352,1.2655512,-1.1829916,-0.1181203,1.2655811,-1.1829916,-0.1181577,1.2655811,-1.1829983,-0.11821,1.2655213,-1.182999,-0.1181577,1.2655512,-1.183002,-0.11821,1.2655886,-1.1829953,-0.118195,1.2655886,-1.1829968,-0.11821,1.2657231,-1.1829931,-0.1183221,1.2656409,-1.1829916,-0.1182174,1.2656409,-1.182999,-0.1182847,1.2655213,-1.1830207,-0.118352,1.2655363,-1.1830192,-0.1183669,1.2657904,-1.182999,-0.1184566,1.2657306,-1.1829953,-0.118352,1.2658801,-1.1829691,-0.1182772,1.2660296,-1.1829579,-0.1183296,1.2659474,-1.1829587,-0.1182473,1.2659474,-1.1829662,-0.1183146,1.2658876,-1.1829676,-0.1182698,1.2659847,-1.1829654,-0.1183595,1.2659548,-1.1829691,-0.1183595,1.2660071,-1.1829602,-0.118337,1.2659249,-1.1829706,-0.118337,1.2658577,-1.1829729,-0.1182847,1.2658651,-1.1829684,-0.1182473,1.265895,-1.1829669,-0.1182698,1.2659025,-1.1829706,-0.1183071,1.2658128,-1.1829729,-0.1182324,1.2658651,-1.1829691,-0.1182623,1.2658128,-1.1829729,-0.1182399,1.2658053,-1.1829691,-0.118195,1.2658502,-1.1829654,-0.1182025,1.2658651,-1.1829594,-0.1181726,1.2658203,-1.1829662,-0.1181726,1.2657157,-1.1829706,-0.1181128,1.2656858,-1.1829721,-0.1180829,1.2657082,-1.1829721,-0.1181128,1.2657904,-1.1829617,-0.1181128,1.265895,-1.1829475,-0.1180904,1.2658651,-1.1829497,-0.1180829,1.265895,-1.182946,-0.1180754,1.2658502,-1.182952,-0.1180829,1.2658651,-1.1829497,-0.1180829,1.2658726,-1.1829422,-0.1180156,1.2658801,-1.1829437,-0.1180381,1.2659249,-1.1829415,-0.118068,1.2658502,-1.1829452,-0.1180231,1.2659399,-1.18294,-0.1180754,1.2659249,-1.1829437,-0.1180829,1.2659175,-1.1829437,-0.1180754,1.2659025,-1.1829437,-0.1180605,1.2658352,-1.1829482,-0.1180306,1.2659025,-1.1829437,-0.1180605,1.2658352,-1.1829437,-0.1179857,1.2658502,-1.1829422,-0.1179857,1.26591,-1.18294,-0.1180306,1.2659025,-1.18294,-0.1180306,1.26591,-1.18294,-0.1180381,1.2658352,-1.1829415,-0.1179708,1.2658128,-1.18294,-0.1179334,1.2658502,-1.182934,-0.1179185,1.2657082,-1.182949,-0.1178961,1.2657381,-1.1829527,-0.1179708,1.2655213,-1.1829691,-0.1178811,1.2655811,-1.1829639,-0.1178961,1.2655438,-1.1829654,-0.1178736,1.2655139,-1.1829669,-0.1178587,1.2654914,-1.1829684,-0.1178363,1.2655512,-1.1829617,-0.1178437,1.2655064,-1.1829632,-0.1178064,1.2655139,-1.1829654,-0.1178288,1.2656708,-1.182949,-0.1178512,1.2657157,-1.182943,-0.1178512,1.2657456,-1.1829415,-0.1178736,1.2657306,-1.1829437,-0.1178736,1.2657157,-1.1829422,-0.1178437,1.2656334,-1.182952,-0.1178437,1.2657456,-1.182946,-0.117911,1.2657755,-1.1829512,-0.1179932,1.2657306,-1.1829579,-0.1180082,1.2656932,-1.1829594,-0.1179783,1.2657306,-1.1829475,-0.117911,1.2658053,-1.1829407,-0.1179334,1.2657456,-1.1829437,-0.1178886,1.2656035,-1.1829587,-0.1178736,1.2655736,-1.1829632,-0.1178811,1.2655662,-1.1829572,-0.1178138,1.2656633,-1.1829482,-0.1178437,1.2656409,-1.1829482,-0.1178213,1.265611,-1.1829475,-0.1177765,1.2656559,-1.1829475,-0.1178288,1.2655139,-1.1829549,-0.1177391,1.2655363,-1.1829549,-0.1177615,1.2655662,-1.1829549,-0.1177989,1.2656185,-1.1829482,-0.1177989,1.2655961,-1.1829475,-0.1177615,1.2652074,-1.1829086,-0.1169767,1.2652149,-1.1828735,-0.1166554,1.2653569,-1.1828735,-0.1168198,1.2654242,-1.1828937,-0.1170739,1.2655213,-1.1828877,-0.1171262,1.2655213,-1.1828802,-0.117059,1.265611,-1.1828735,-0.1170889,1.2656559,-1.182875,-0.1171561,1.265611,-1.1828787,-0.1171412,1.2656035,-1.1828765,-0.1171113,1.2656334,-1.1828802,-0.1171785,1.2656484,-1.1828787,-0.1171935,1.2654914,-1.1828667,-0.1168945,1.2656334,-1.1828511,-0.1169169,1.2654914,-1.1828667,-0.116902,1.2657605,-1.182854,-0.1170739,1.2656409,-1.182854,-0.1169468,1.2656334,-1.1828555,-0.1169543,1.265753,-1.1828451,-0.1169917,1.2657157,-1.1828503,-0.1169992,1.2657007,-1.182854,-0.1170066,1.2657082,-1.1828548,-0.1170291,1.2656783,-1.1828525,-0.1169767,1.2656559,-1.1828563,-0.1169842,1.2657381,-1.1828563,-0.1170739,1.2655811,-1.18286,-0.1169394,1.265611,-1.1828593,-0.1169618,1.265626,-1.182869,-0.1170739,1.2657979,-1.1828473,-0.117059,1.2654391,-1.1828966,-0.1171113,1.2654391,-1.1828952,-0.1171038,1.265342,-1.1829026,-0.1170739,1.2651626,-1.1829243,-0.1170664,1.26517,-1.1829243,-0.1170814,1.2651103,-1.1829273,-0.1170365,1.2652074,-1.1829123,-0.1170141,1.2652298,-1.1829116,-0.1170291,1.2652822,-1.1829011,-0.1169917,1.2652822,-1.1829011,-0.1169917,1.2652448,-1.1829026,-0.1169618,1.2652672,-1.1829026,-0.1169917,1.2654615,-1.1828854,-0.1170365,1.265484,-1.1828809,-0.1170216,1.2655363,-1.1828802,-0.1170739,1.2655438,-1.1828817,-0.1170963,1.2654914,-1.1828877,-0.1170963,1.2650131,-1.1829392,-0.117044,1.2649682,-1.1829422,-0.1170216,1.265028,-1.18294,-0.1170739,1.2650206,-1.1829392,-0.117059,1.2651626,-1.1829176,-0.1170141,1.2654914,-1.1828712,-0.1169394,1.2653793,-1.1828824,-0.1169244,1.2655587,-1.1828578,-0.1168945,1.2656484,-1.1828451,-0.1168721,1.2656484,-1.1828428,-0.1168422,1.2656783,-1.1828428,-0.1168796,1.2656559,-1.1828436,-0.1168721,1.2655288,-1.1828451,-0.1167376,1.2655512,-1.1828436,-0.11676,1.265626,-1.1828354,-0.11676,1.2655363,-1.1828301,-0.116618,1.2653345,-1.1828585,-0.1166628,1.26517,-1.1828451,-0.1163489,1.2652074,-1.1828339,-0.1162816,1.2653494,-1.1828286,-0.1163938,1.2653793,-1.1828249,-0.1163938,1.2652971,-1.1828264,-0.1163115,1.2652747,-1.1828227,-0.1162592,1.2652448,-1.1828212,-0.1162069,1.2652971,-1.1828137,-0.116192,1.265342,-1.1828107,-0.1162144,1.2653718,-1.182804,-0.116192,1.2654391,-1.182804,-0.1162742,1.2653793,-1.1828077,-0.1162368,1.2655438,-1.1827928,-0.1162667,1.265342,-1.1828264,-0.1163564,1.2653644,-1.1828189,-0.116319,1.2653868,-1.1828189,-0.1163414,1.2653718,-1.1828159,-0.1163041,1.2653644,-1.1828189,-0.116319,1.2653793,-1.1828137,-0.1162891,1.2653868,-1.1828144,-0.1163041,1.2654167,-1.1828092,-0.1162816,1.2653868,-1.1828099,-0.1162592,1.2652822,-1.1828137,-0.1161845,1.2652224,-1.1828129,-0.1161097,1.2653345,-1.1828085,-0.1161994,1.2652971,-1.1828092,-0.1161546,1.265342,-1.1828047,-0.1161695,1.2653195,-1.1828077,-0.1161621,1.265342,-1.1828025,-0.1161396,1.2653494,-1.1827972,-0.1161023,1.2653046,-1.1827957,-0.1160425,1.2652822,-1.1827845,-0.1159154,1.2652074,-1.1827875,-0.1158556,1.2652373,-1.1827823,-0.1158407,1.2652597,-1.18278,-0.1158481,1.2652597,-1.1827771,-0.1158182,1.2651925,-1.1827636,-0.1156164,1.2652373,-1.1827584,-0.1156164,1.2652523,-1.1827509,-0.1155716,1.2652523,-1.1827479,-0.1155492,1.2652896,-1.1827472,-0.1155791,1.2652672,-1.1827419,-0.1155043,1.2653046,-1.1827397,-0.1155193,1.2652822,-1.1827382,-0.1154819,1.2652672,-1.1827367,-0.115452,1.2652822,-1.1827307,-0.1154146,1.2651925,-1.1827195,-0.1152128,1.2652373,-1.1827143,-0.1152128,1.2651402,-1.1827158,-0.1151232,1.2651402,-1.182712,-0.1150858,1.2652597,-1.1827083,-0.1151755,1.2652971,-1.1827135,-0.1152726,1.2653121,-1.1827195,-0.1153474,1.2653046,-1.1827195,-0.1153399,1.265327,-1.1827195,-0.1153623,1.2653868,-1.1827173,-0.1153997,1.2654167,-1.1827173,-0.1154371,1.2653121,-1.182718,-0.1153324,1.2652074,-1.182718,-0.1152203,1.2652822,-1.1827158,-0.1152801,1.2652747,-1.1827158,-0.1152652,1.2653121,-1.1827135,-0.1152876,1.2653345,-1.1827061,-0.1152502,1.2653345,-1.1827083,-0.1152726,1.2653718,-1.1827105,-0.115325,1.2654017,-1.182712,-0.1153773,1.2653046,-1.1827061,-0.1152128,1.2652896,-1.1826948,-0.1150858,1.2653195,-1.1826971,-0.1151456,1.2653644,-1.1826986,-0.1152128,1.2652672,-1.1826986,-0.1151007,1.265342,-1.1826971,-0.115168,1.2652597,-1.1826971,-0.1150783,1.2652448,-1.1826933,-0.115026,1.2653195,-1.1826859,-0.1150409,1.2653121,-1.1826881,-0.1150559,1.2652373,-1.1826881,-0.1149662,1.2652747,-1.1826859,-0.1149886,1.2652597,-1.1826799,-0.1149214,1.2652747,-1.1826821,-0.1149587,1.2652448,-1.1826821,-0.1149214,1.2652822,-1.1826799,-0.1149512,1.2652896,-1.1826791,-0.1149438,1.2652971,-1.1826799,-0.1149587,1.2652971,-1.1826791,-0.1149512,1.2653494,-1.1826784,-0.1150036,1.2652597,-1.1826821,-0.1149438,1.265342,-1.1826769,-0.1149811,1.2653644,-1.1826762,-0.1150036,1.2653195,-1.1826836,-0.1150185,1.2653793,-1.1826784,-0.1150335,1.2652822,-1.1826821,-0.1149587,1.2652822,-1.1826784,-0.1149363,1.2652971,-1.1826769,-0.1149363,1.2652822,-1.1826747,-0.1148915,1.2651775,-1.1826672,-0.1147121,1.2651402,-1.1826612,-0.1146224,1.2651999,-1.1826612,-0.1146822,1.2652149,-1.182659,-0.1146822,1.2652149,-1.1826537,-0.1146299,1.2652298,-1.1826478,-0.1145925,1.2652373,-1.1826425,-0.1145476,1.2652822,-1.182641,-0.114585,1.2652971,-1.1826373,-0.1145701,1.2652896,-1.1826425,-0.1146074,1.2651476,-1.1826388,-0.1144131,1.2651925,-1.1826194,-0.1142861,1.2650729,-1.1826134,-0.1140992,1.265185,-1.1826141,-0.1142263,1.2652822,-1.1826119,-0.1143234,1.2652822,-1.1826119,-0.1143159,1.2653195,-1.1826111,-0.1143608,1.2653494,-1.1826081,-0.1143533,1.2652896,-1.1826111,-0.1143234,1.2652822,-1.1826081,-0.1142861,1.2653046,-1.1826066,-0.114301,1.2653121,-1.1826029,-0.1142711,1.2652597,-1.1826074,-0.1142562,1.2653195,-1.1825992,-0.1142412,1.2652672,-1.1826014,-0.1142038,1.2652971,-1.1825939,-0.1141739,1.2652672,-1.1825962,-0.114159,1.2652971,-1.1825939,-0.1141665,1.2652747,-1.1825969,-0.1141665,1.2652672,-1.1825924,-0.1141291,1.2652822,-1.1825917,-0.1141291,1.2653121,-1.182588,-0.1141291,1.2652523,-1.1825917,-0.1140992,1.2652373,-1.1825902,-0.1140693,1.2652523,-1.1825917,-0.1140992,1.2653195,-1.1825842,-0.1140992,1.2652896,-1.1825857,-0.1140842,1.2652597,-1.1825887,-0.1140768,1.2651626,-1.182579,-0.113875,1.2652523,-1.1825782,-0.1139721,1.2652597,-1.1825782,-0.1139796,1.2652971,-1.1825753,-0.1139946,1.2648412,-1.1826238,-0.1139422,1.2656932,-1.1825229,-0.1139497,1.2656783,-1.1825185,-0.1138899,1.2656633,-1.1825155,-0.1138451,1.2656858,-1.1825155,-0.1138675,1.2656858,-1.182517,-0.1138824,1.2656559,-1.1825155,-0.1138376,1.2657007,-1.1825117,-0.1138526,1.2657231,-1.182508,-0.1138451,1.2656932,-1.1825072,-0.1138002,1.2657082,-1.182505,-0.1138002,1.2656858,-1.1825087,-0.1138152,1.2657306,-1.182505,-0.1138227,1.2657157,-1.182508,-0.1138376,1.2657456,-1.1825043,-0.1138301,1.2657231,-1.1825057,-0.1138227,1.2657082,-1.182505,-0.1138002,1.2656858,-1.1825087,-0.1138077,1.2657157,-1.1825043,-0.1137928,1.2657157,-1.1825028,-0.1137853,1.2657231,-1.1825013,-0.1137853,1.2656708,-1.1825013,-0.1137255,1.2657829,-1.1824975,-0.1138152,1.2657082,-1.1825013,-0.1137629,1.2657007,-1.182505,-0.1137928,1.2657007,-1.1825043,-0.1137778,1.2657456,-1.1825043,-0.1138376,1.2656932,-1.1825057,-0.1137853,1.2657306,-1.1825005,-0.1137778,1.2656932,-1.1825043,-0.1137703,1.2657381,-1.182502,-0.1138077,1.265753,-1.1824998,-0.1137928,1.2656932,-1.1825043,-0.1137778,1.2656858,-1.1825043,-0.1137629,1.2657231,-1.1825005,-0.1137778,1.2657157,-1.182502,-0.1137703,1.2656932,-1.1825005,-0.1137404,1.2657231,-1.1824968,-0.1137404,1.2657456,-1.1824968,-0.1137629,1.2657231,-1.182499,-0.1137554,1.2656932,-1.182499,-0.1137255,1.2657381,-1.1824953,-0.1137404,1.2657157,-1.1824975,-0.1137404,1.2656932,-1.1825005,-0.1137404,1.2656559,-1.182499,-0.1136881,1.2656708,-1.1824975,-0.1136881,1.265753,-1.1824923,-0.113733,1.2657157,-1.182493,-0.1136956,1.2656783,-1.1824915,-0.1136433,1.2656708,-1.182493,-0.1136433,1.2656932,-1.1824915,-0.1136582,1.2656858,-1.1824923,-0.1136582,1.2657082,-1.1824901,-0.1136582,1.2656858,-1.1824901,-0.1136358,1.2656932,-1.1824901,-0.1136433,1.2657605,-1.1824901,-0.113718,1.2657231,-1.1824886,-0.1136657,1.2657755,-1.1824856,-0.1136956,1.2657306,-1.1824893,-0.1136806,1.2657456,-1.1824863,-0.1136732,1.2657007,-1.1824901,-0.1136582,1.2656932,-1.182493,-0.1136732,1.2656708,-1.1824893,-0.1136134,1.2656633,-1.1824886,-0.1136059,1.2657157,-1.1824848,-0.1136209,1.2656932,-1.1824863,-0.1136059,1.2657231,-1.1824848,-0.1136209,1.2657381,-1.1824841,-0.1136283,1.2657082,-1.1824811,-0.1135835,1.2656783,-1.1824826,-0.1135611,1.2657082,-1.1824826,-0.1135984,1.2656858,-1.1824818,-0.1135611,1.2657231,-1.1824788,-0.1135685,1.2656783,-1.1824803,-0.1135312,1.2657231,-1.1824773,-0.1135536,1.2657007,-1.1824773,-0.1135312,1.2657082,-1.1824751,-0.1135237,1.2657082,-1.1824751,-0.1135162,1.2657231,-1.1824751,-0.1135312,1.2657231,-1.1824721,-0.1135087,1.2657829,-1.1824661,-0.1135237,1.2657157,-1.1824706,-0.1134863,1.2657231,-1.1824729,-0.1135162,1.2657007,-1.1824721,-0.1134863,1.2657007,-1.1824714,-0.1134788,1.2657007,-1.1824699,-0.1134639,1.2657007,-1.1824691,-0.1134564,1.2656409,-1.1824691,-0.1133892,1.265611,-1.1824646,-0.1133144,1.265611,-1.1824594,-0.113277,1.2656633,-1.1824534,-0.113277,1.2656858,-1.1824549,-0.1133069,1.2656858,-1.1824534,-0.113292,1.2657007,-1.1824482,-0.1132696,1.2656932,-1.1824549,-0.1133219,1.2656858,-1.1824534,-0.1133069,1.2657231,-1.1824527,-0.1133294,1.2656858,-1.1824549,-0.1133069,1.2656559,-1.1824579,-0.1132995,1.2656783,-1.1824512,-0.1132696,1.265768,-1.1824347,-0.1132172,1.265768,-1.1824362,-0.1132247,1.2657605,-1.182437,-0.1132322,1.2657007,-1.1824452,-0.1132397,1.2657157,-1.182446,-0.1132621,1.2657007,-1.1824437,-0.1132172,1.2656858,-1.1824437,-0.1132098,1.2657157,-1.1824437,-0.1132397,1.2657007,-1.18244,-0.1131799,1.2657007,-1.18244,-0.1131948,1.2652448,-1.1824968,-0.1132098,1.2654017,-1.1824773,-0.1132023,1.2654017,-1.1824759,-0.1131948,1.2653644,-1.1824803,-0.1131948,1.2654092,-1.1824803,-0.1132322,1.2653569,-1.1824848,-0.1132247,1.2652822,-1.1824848,-0.1131425,1.2653494,-1.1824781,-0.11315,1.2653046,-1.1824811,-0.1131276,1.2652971,-1.1824811,-0.1131201,1.2651925,-1.1824803,-0.1130005,1.2652747,-1.1824751,-0.1130453,1.2650878,-1.1824953,-0.1130304,1.2651177,-1.1824968,-0.1130678,1.2651327,-1.1824923,-0.1130528,1.2651551,-1.1824915,-0.1130678,1.2651252,-1.1824953,-0.1130678,1.2652597,-1.1824788,-0.1130603,1.2656035,-1.182434,-0.1130229,1.2655736,-1.1824347,-0.113008,1.2656932,-1.1824235,-0.1130304,1.2656783,-1.1824273,-0.1130453,1.2656484,-1.1824288,-0.1130229,1.2656334,-1.1824295,-0.1130229,1.2656858,-1.1824325,-0.1131051,1.2656484,-1.1824325,-0.1130603,1.2656708,-1.182431,-0.1130752,1.2656932,-1.1824347,-0.113135,1.2656858,-1.1824362,-0.113135,1.2657007,-1.182437,-0.1131649,1.2657829,-1.182431,-0.1132023,1.2657231,-1.1824385,-0.1132023,1.2656783,-1.1824452,-0.1132098,1.2656858,-1.1824422,-0.1131948,1.2656633,-1.18244,-0.1131425,1.2656559,-1.1824362,-0.1131051,1.2653718,-1.1824646,-0.1130528,1.2653195,-1.1824624,-0.1129781,1.265327,-1.1824624,-0.1129856,1.2653718,-1.1824587,-0.1130005,1.265469,-1.1824564,-0.1130827,1.2646768,-1.1825491,-0.1130678,1.265469,-1.1824542,-0.1130603,1.2656334,-1.1824347,-0.1130678,1.2656409,-1.1824377,-0.1130977,1.2656484,-1.182437,-0.1131051,1.2656334,-1.1824332,-0.1130603,1.2656559,-1.1824295,-0.1130528,1.2656185,-1.1824198,-0.1129108,1.2655213,-1.1824183,-0.1127912,1.265626,-1.1824078,-0.1128062,1.2656484,-1.1823989,-0.1127464,1.2656633,-1.1823959,-0.1127464,1.2657231,-1.1823936,-0.1127837,1.2658577,-1.1823832,-0.1128361,1.2654466,-1.1824273,-0.1127987,1.2654615,-1.1824325,-0.112851,1.2654914,-1.1824273,-0.1128435,1.2654017,-1.182431,-0.1127837,1.2650355,-1.1824736,-0.1127688,1.264886,-1.1824938,-0.1127912,1.2648262,-1.1824975,-0.1127539,1.2649981,-1.1824848,-0.1128286,1.2649383,-1.1824901,-0.1128136,1.2649309,-1.1824893,-0.1127987,1.2649981,-1.1824871,-0.112851,1.2649757,-1.1824901,-0.112851,1.26517,-1.1824676,-0.1128585,1.2652373,-1.1824564,-0.1128286,1.2651252,-1.1824527,-0.1126791,1.2652448,-1.1824445,-0.1127314,1.2652373,-1.1824422,-0.1127015,1.2651327,-1.1824355,-0.1125222,1.26517,-1.1824355,-0.112567,1.2651775,-1.1824325,-0.1125521,1.2651626,-1.182431,-0.1125147,1.2652523,-1.1824273,-0.1125819,1.2649309,-1.1824624,-0.1125446,1.2645871,-1.182508,-0.1125969,1.2645198,-1.1825065,-0.1125072,1.2644824,-1.182499,-0.1123876,1.2645273,-1.1824915,-0.1123727,1.2645796,-1.1824878,-0.1124026,1.2645347,-1.1824915,-0.1123876,1.2647963,-1.1824609,-0.1123951,1.2647814,-1.1824602,-0.1123652,1.264901,-1.1824437,-0.1123428,1.2649383,-1.1824452,-0.1123951,1.2650579,-1.18244,-0.1124848,1.2650579,-1.1824474,-0.1125521,1.265043,-1.1824497,-0.1125595,1.2650579,-1.1824474,-0.1125521,1.2649832,-1.1824474,-0.1124698,1.2649757,-1.1824385,-0.1123801,1.2649309,-1.182446,-0.1124026,1.2649458,-1.1824385,-0.1123428,1.2649533,-1.1824385,-0.1123577,1.2650131,-1.18244,-0.1124325,1.2649832,-1.1824377,-0.1123801,1.2649608,-1.182443,-0.11241,1.2650505,-1.1824385,-0.1124698,1.2650056,-1.1824437,-0.1124624,1.265028,-1.18244,-0.1124549,1.2649832,-1.18244,-0.1124026,1.2650505,-1.1824347,-0.112425,1.2649682,-1.1824362,-0.1123502,1.2649832,-1.1824347,-0.1123502,1.2650505,-1.1824258,-0.1123428,1.2650355,-1.1824235,-0.1123054,1.2650579,-1.1824176,-0.1122755,1.2651402,-1.1824026,-0.1122232,1.2653345,-1.1823757,-0.1122008,1.2653121,-1.1823772,-0.1121783,1.2653195,-1.1823735,-0.1121559,1.2652597,-1.1823697,-0.1120588,1.2653345,-1.1823637,-0.1120887,1.265327,-1.18236,-0.1120438,1.2653943,-1.18236,-0.1121186,1.2653644,-1.1823593,-0.1120737,1.2653868,-1.1823607,-0.1121186,1.2653718,-1.18236,-0.1120887,1.2653494,-1.1823563,-0.1120214,1.2653569,-1.182351,-0.111984,1.2653195,-1.1823465,-0.1119093,1.2653195,-1.1823473,-0.1119093,1.2653569,-1.1823421,-0.1119018,1.2653644,-1.1823428,-0.1119242,1.2653494,-1.1823421,-0.1119018,1.2654017,-1.1823406,-0.1119466,1.2654017,-1.1823391,-0.1119242,1.2653793,-1.1823421,-0.1119317,1.2654391,-1.1823331,-0.1119093,1.2654167,-1.1823346,-0.1119018,1.2654391,-1.1823331,-0.1119167,1.2654242,-1.1823361,-0.1119242,1.265469,-1.1823368,-0.111984,1.2654541,-1.1823361,-0.1119616,1.2654092,-1.1823376,-0.1119242,1.2654391,-1.1823368,-0.1119541,1.2654167,-1.1823383,-0.1119392,1.2654466,-1.1823376,-0.1119616,1.2654466,-1.1823331,-0.1119242,1.2654167,-1.1823353,-0.1119018,1.2651476,-1.1823219,-0.1114907,1.2652298,-1.1823122,-0.1114833,1.2653718,-1.1823167,-0.1116851,1.265342,-1.1823152,-0.1116402,1.2654167,-1.1823129,-0.1117075,1.2654167,-1.1823122,-0.1116925,1.2654391,-1.1823099,-0.1117,1.2654466,-1.1823069,-0.1116776,1.2654541,-1.1823107,-0.1117224,1.265484,-1.1823129,-0.1117822,1.2654914,-1.1823122,-0.1117747,1.2654092,-1.1823047,-0.1116103,1.2653793,-1.1823002,-0.111543,1.2654316,-1.1822995,-0.1115954,1.2654615,-1.182298,-0.1116178,1.2655064,-1.182301,-0.1116925,1.2654466,-1.1823032,-0.1116477,1.2654914,-1.1823054,-0.1117149,1.2654316,-1.1823092,-0.1116851,1.2655064,-1.1823084,-0.1117598,1.2655064,-1.1823054,-0.1117374,1.2655811,-1.1822987,-0.1117523,1.2655736,-1.1823017,-0.1117747,1.2655064,-1.1823107,-0.1117822,1.2655438,-1.1823069,-0.1117897,1.2654914,-1.1823099,-0.1117598,1.2654466,-1.1823144,-0.1117448,1.2654167,-1.1823122,-0.1116925,1.2653569,-1.1823107,-0.1116178,1.2653569,-1.1822987,-0.1115057,1.2654017,-1.1822965,-0.111543,1.2654242,-1.1822905,-0.1115057,1.2654167,-1.1822927,-0.1115206,1.265469,-1.182289,-0.111543,1.2654914,-1.1822853,-0.1115356,1.2654466,-1.1822853,-0.1114907,1.2654914,-1.1822868,-0.111543,1.2654765,-1.1822875,-0.1115356,1.2653046,-1.1822778,-0.111259,1.2653121,-1.1822643,-0.1111394,1.2654017,-1.1822651,-0.1112441,1.2654092,-1.1822666,-0.1112665,1.265484,-1.1822696,-0.1113711,1.265484,-1.1822703,-0.1113861,1.2655139,-1.1822681,-0.1113936,1.2655064,-1.1822703,-0.111416,1.2654541,-1.1822718,-0.1113637,1.265469,-1.182277,-0.1114235,1.2654989,-1.1822778,-0.1114683,1.2655064,-1.1822778,-0.1114833,1.2654914,-1.18228,-0.1114833,1.2653943,-1.1822793,-0.1113711,1.2654316,-1.182277,-0.1113861,1.2654391,-1.1822778,-0.111401,1.2654092,-1.1822733,-0.1113263,1.2654316,-1.1822696,-0.1113113,1.2654092,-1.1822681,-0.1112889,1.2654242,-1.1822658,-0.111274,1.2654316,-1.1822658,-0.1112814,1.2653046,-1.1822606,-0.1110946,1.2654092,-1.1822539,-0.1111469,1.2651551,-1.1822606,-0.1109302,1.2652298,-1.1822613,-0.1110199,1.2655662,-1.1822262,-0.1110647,1.2655961,-1.1822187,-0.1110273,1.2653195,-1.1822389,-0.1109152,1.2653345,-1.1822382,-0.1109152,1.2653793,-1.1822329,-0.1109152,1.2653644,-1.1822277,-0.1108629,1.2654242,-1.1822247,-0.1108853,1.2654466,-1.1822217,-0.1108853,1.265484,-1.1822187,-0.1109152,1.2654466,-1.182218,-0.1108554,1.2654167,-1.1822195,-0.1108405,1.2655064,-1.182212,-0.1108629,1.2654541,-1.1822158,-0.1108479,1.2654167,-1.1822187,-0.1108405,1.2653793,-1.182215,-0.1107583,1.2653943,-1.1822143,-0.1107583,1.2654167,-1.182209,-0.1107433,1.2654242,-1.1822053,-0.1107209,1.2654615,-1.1822053,-0.1107583,1.2654316,-1.1822016,-0.110691,1.2652896,-1.1821986,-0.1105041,1.2653718,-1.1821926,-0.1105415,1.2654167,-1.1821911,-0.1105714,1.2655139,-1.1821903,-0.1106835,1.2654914,-1.1821941,-0.1106835,1.2654765,-1.1821911,-0.1106461,1.2654765,-1.1821971,-0.1106985,1.2654765,-1.1822016,-0.1107433,1.265469,-1.1822008,-0.1107209,1.2653943,-1.1822016,-0.1106536,1.2655064,-1.1821978,-0.1107358,1.2653793,-1.1822008,-0.1106237,1.2653718,-1.1821956,-0.1105639,1.2653793,-1.1821881,-0.1105041,1.2654017,-1.1821851,-0.1105041,1.2653046,-1.1821836,-0.110392,1.2654541,-1.1821799,-0.1105191,1.2653943,-1.1821829,-0.1104742,1.2654167,-1.1821799,-0.1104817,1.2654615,-1.1821769,-0.1104967,1.2654466,-1.1821709,-0.1104144,1.2653868,-1.1821731,-0.1103846,1.2653943,-1.1821724,-0.1103846,1.2654017,-1.1821709,-0.1103771,1.2654391,-1.1821679,-0.1103846,1.2654765,-1.1821709,-0.1104593,1.265484,-1.1821687,-0.1104443,1.2655064,-1.1821702,-0.1104817,1.2655139,-1.1821717,-0.1105041,1.2654167,-1.1821754,-0.1104294,1.2654092,-1.1821739,-0.110407,1.2654914,-1.1821739,-0.1104967,1.2654391,-1.1821754,-0.1104518,1.2654391,-1.1821709,-0.1104219,1.2653943,-1.1821717,-0.1103771,1.2654765,-1.1821664,-0.1104144,1.2654017,-1.1821642,-0.1103098,1.2653793,-1.1821672,-0.1103173,1.2654466,-1.1821575,-0.1103023,1.2654092,-1.1821582,-0.110265,1.2654092,-1.1821589,-0.1102724,1.2654541,-1.1821575,-0.1103098,1.2654914,-1.182156,-0.1103322,1.2654765,-1.182156,-0.1103173,1.2654615,-1.182156,-0.1103023,1.2652747,-1.1821462,-0.1100034,1.2653121,-1.1821335,-0.1099361,1.2654242,-1.1821276,-0.1099959,1.2653644,-1.1821283,-0.1099361,1.2654316,-1.1821283,-0.1100183,1.2654541,-1.1821313,-0.1100632,1.2654541,-1.1821313,-0.1100706,1.265484,-1.1821313,-0.1100931,1.2654541,-1.1821298,-0.1100557,1.2653868,-1.1821298,-0.1099809,1.2653195,-1.1821261,-0.1098688,1.2654017,-1.1821246,-0.1099511,1.2654615,-1.1821223,-0.1099959,1.2654391,-1.1821261,-0.1100034,1.2654391,-1.1821238,-0.1099809,1.2654466,-1.1821261,-0.1100108,1.2654316,-1.1821246,-0.1099884,1.265469,-1.1821261,-0.1100333,1.2655288,-1.1821201,-0.1100407,1.2655363,-1.1821149,-0.1100034,1.2655064,-1.1821089,-0.1099137,1.265469,-1.1821089,-0.1098688,1.265484,-1.1821074,-0.1098763,1.2654765,-1.1821059,-0.1098539,1.2655139,-1.1821021,-0.1098688,1.2655064,-1.1821006,-0.1098464,1.2655139,-1.1821021,-0.1098688,1.2655363,-1.1821014,-0.1098763,1.2654989,-1.1821021,-0.1098464,1.2655139,-1.1821021,-0.1098688,1.2655288,-1.1820999,-0.1098614,1.2655288,-1.1820984,-0.1098464,1.2655961,-1.182085,-0.1097866,1.2655886,-1.182085,-0.1097866,1.2655662,-1.1820872,-0.1097866,1.2656035,-1.1820857,-0.1098165,1.2655886,-1.1820872,-0.1098016,1.2655662,-1.1820887,-0.1097941,1.2655961,-1.1820835,-0.1097866,1.265611,-1.182085,-0.1098165,1.2656035,-1.182085,-0.1098016,1.2655363,-1.182082,-0.1096969,1.2655438,-1.1820835,-0.1097194,1.2654914,-1.1820782,-0.1096222,1.2655363,-1.1820745,-0.1096371,1.2655438,-1.182073,-0.1096297,1.2655213,-1.1820708,-0.1095773,1.2655886,-1.1820678,-0.1096222,1.2655736,-1.182067,-0.1095998,1.2655886,-1.1820618,-0.1095773,1.2656035,-1.1820633,-0.1096072,1.2656409,-1.1820618,-0.1096371,1.2656185,-1.182061,-0.1095998,1.265611,-1.1820633,-0.1096147,1.2655886,-1.1820678,-0.1096222,1.2656559,-1.1820633,-0.1096596,1.2656484,-1.1820633,-0.1096521,1.2655288,-1.1820633,-0.1095176,1.2655288,-1.1820648,-0.1095325,1.2655736,-1.182061,-0.1095474,1.2655736,-1.1820633,-0.1095699,1.265626,-1.1820588,-0.1095923,1.2656409,-1.1820618,-0.1096297,1.2656708,-1.1820648,-0.1096895,1.265611,-1.1820655,-0.1096371,1.2655886,-1.1820633,-0.1095848,1.265611,-1.182061,-0.1095848,1.2655213,-1.1820558,-0.1094503,1.2655961,-1.1820513,-0.1094802,1.2655736,-1.1820551,-0.1094877,1.2656334,-1.1820543,-0.1095549,1.2656559,-1.1820573,-0.1095998,1.2656035,-1.182058,-0.1095624,1.2656334,-1.1820573,-0.1095773,1.2656334,-1.1820618,-0.1096222,1.2656334,-1.182058,-0.1095923,1.2656484,-1.182058,-0.1096072,1.2656409,-1.1820558,-0.1095773,1.2655213,-1.1820685,-0.1095549,1.2655438,-1.1820521,-0.1094353,1.2655886,-1.1820506,-0.1094727,1.2656484,-1.1820468,-0.1095026,1.2656484,-1.1820483,-0.1095176,1.2656559,-1.1820483,-0.1095325,1.2656633,-1.1820483,-0.1095325,1.265626,-1.1820483,-0.1094951,1.2655811,-1.1820416,-0.109383,1.2656409,-1.1820438,-0.1094652,1.2657381,-1.1820304,-0.1094503,1.2651103,-1.1820969,-0.1093755,1.2651103,-1.1820924,-0.1093307,1.2651775,-1.1820894,-0.109383,1.2653644,-1.1820708,-0.1094129,1.2655139,-1.1820536,-0.1094129,1.2654092,-1.1820551,-0.1093083,1.265469,-1.1820341,-0.1091812,1.2651551,-1.1820745,-0.1092111,1.2652373,-1.1820685,-0.1092485,1.265626,-1.1820177,-0.1092036,1.2655587,-1.1820304,-0.1092485,1.2655139,-1.1820349,-0.1092485,1.2653943,-1.1820483,-0.109241,1.2653494,-1.1820558,-0.1092485,1.2653868,-1.1820558,-0.1092933,1.2657829,-1.182005,-0.109256,1.2653793,-1.1820528,-0.109256,1.265327,-1.1820551,-0.1092261,1.2652971,-1.182058,-0.1092186,1.2652896,-1.182061,-0.1092335,1.2652373,-1.1820655,-0.1092186,1.2652822,-1.182061,-0.1092261,1.2655363,-1.1820267,-0.1091962,1.2656783,-1.1820065,-0.1091663,1.2657007,-1.182008,-0.1091962,1.2655662,-1.1820102,-0.1090766,1.2655886,-1.1820102,-0.109099,1.2654167,-1.1820311,-0.1091065,1.2653494,-1.1820379,-0.1090915,1.2653494,-1.1820438,-0.1091438,1.265611,-1.1820102,-0.1091214,1.2657306,-1.1819968,-0.1091289,1.2656185,-1.182008,-0.1091139,1.2656484,-1.182008,-0.1091364,1.2656185,-1.1820065,-0.1090915,1.2656633,-1.1820027,-0.1091139,1.2656409,-1.1820065,-0.1091214,1.2656185,-1.1820065,-0.1090915,1.2656633,-1.1820042,-0.1091214,1.2656484,-1.182005,-0.1091214,1.2656783,-1.1820042,-0.1091364,1.2657306,-1.1819975,-0.1091364,1.2657007,-1.1820005,-0.1091289,1.2656708,-1.182002,-0.1091065,1.2657082,-1.1819968,-0.1091065,1.2657157,-1.1819953,-0.109099,1.2657007,-1.181996,-0.1090915,1.2656409,-1.1820012,-0.1090691,1.2657231,-1.1819953,-0.1091065,1.2656783,-1.1819975,-0.1090766,1.2656484,-1.1820012,-0.1090841,1.2656932,-1.181999,-0.1091065,1.2656708,-1.1820012,-0.109099,1.2656484,-1.181999,-0.1090616,1.2656858,-1.1819997,-0.1091139,1.2656858,-1.181999,-0.109099,1.2656559,-1.1820012,-0.1090841,1.2657007,-1.181999,-0.1091139,1.2657381,-1.1819975,-0.1091364,1.2656185,-1.1819953,-0.1089869,1.2656484,-1.1819885,-0.1089645,1.2656708,-1.18199,-0.1090018,1.2655587,-1.1819893,-0.1088673,1.2655886,-1.1819811,-0.1088299,1.2656559,-1.1819803,-0.1088972,1.2656708,-1.1819826,-0.1089346,1.2656185,-1.1819841,-0.1088823,1.2655811,-1.1819788,-0.1088,1.2656858,-1.1819751,-0.1088823,1.2656334,-1.1819781,-0.1088449,1.2656708,-1.1819803,-0.1089121,1.2656559,-1.1819788,-0.1088823,1.2656932,-1.1819788,-0.1089271,1.2657007,-1.1819736,-0.1088897,1.2657082,-1.1819728,-0.1088748,1.265626,-1.1819751,-0.108815,1.265626,-1.1819713,-0.1087776,1.2656035,-1.1819691,-0.1087328,1.2656409,-1.1819654,-0.1087402,1.2657007,-1.1819669,-0.108815,1.2655961,-1.1819654,-0.1086879,1.2656559,-1.1819639,-0.1087402,1.2656708,-1.1819631,-0.1087477,1.2656708,-1.1819616,-0.1087328,1.2657605,-1.1819579,-0.1088,1.2657306,-1.1819601,-0.1087851,1.2656858,-1.1819639,-0.1087776,1.2656484,-1.1819616,-0.1087103,1.2657082,-1.1819586,-0.1087552,1.2657082,-1.1819579,-0.1087402,1.2657157,-1.1819586,-0.1087701,1.2656484,-1.1819549,-0.108658,1.2656783,-1.1819564,-0.1086954,1.2656409,-1.1819601,-0.1086879,1.2657007,-1.1819549,-0.1087103,1.2657456,-1.1819542,-0.1087552,1.2656932,-1.1819601,-0.1087477,1.2656409,-1.1819601,-0.1086879,1.2656334,-1.1819631,-0.1087103,1.2657157,-1.1819542,-0.1087178,1.265469,-1.1819826,-0.1087103,1.2656484,-1.1819616,-0.1087103,1.2656932,-1.1819564,-0.1087178,1.2656858,-1.1819601,-0.1087402,1.2656783,-1.1819616,-0.1087402,1.2656783,-1.1819601,-0.1087328,1.2656932,-1.1819631,-0.1087701,1.2656559,-1.1819639,-0.1087477
2020-09-27.out.2,0.0,1.2656559,-1.1819616,-0.1087178,1.2656409,-1.1819549,-0.1086431,1.2656409,-1.1819549,-0.1086431,1.2656484,-1.1819527,-0.1086356,1.2656932,-1.1819504,-0.1086506,1.2656409,-1.1819542,-0.1086356,1.2655512,-1.1819489,-0.1084936,1.2657381,-1.1819437,-0.1086506,1.2656633,-1.1819527,-0.1086506,1.2656334,-1.1819519,-0.1085982,1.2656932,-1.1819452,-0.1086132,1.2656409,-1.1819467,-0.1085609,1.2656334,-1.1819489,-0.1085758,1.2656708,-1.1819437,-0.1085758,1.2656932,-1.1819415,-0.1085758,1.2656633,-1.1819474,-0.1085982,1.2657082,-1.1819437,-0.1086207,1.2656633,-1.1819429,-0.1085534,1.2655961,-1.1819362,-0.1084189,1.265611,-1.1819362,-0.1084338,1.2655886,-1.1819377,-0.1084189,1.2656334,-1.1819317,-0.1084189,1.2656409,-1.181925,-0.1083665,1.265611,-1.1819287,-0.108374,1.2656484,-1.1819265,-0.108389,1.2656484,-1.1819228,-0.1083591,1.2656334,-1.181925,-0.1083591,1.2656783,-1.1819235,-0.1083964,1.2656334,-1.181925,-0.1083591,1.2656858,-1.1819213,-0.1083815,1.2657231,-1.1819228,-0.1084338,1.2656559,-1.181925,-0.108389,1.2651028,-1.1819026,-0.1075668,1.2655438,-1.1818921,-0.1079629,1.2655363,-1.1818944,-0.1079629,1.265626,-1.1818951,-0.108075,1.2657157,-1.1819003,-0.1082171,1.2656484,-1.1819048,-0.1081872,1.2656185,-1.1819093,-0.1081946,1.2657381,-1.1819063,-0.1082993,1.2656783,-1.1819101,-0.1082694,1.2656484,-1.1819063,-0.1082096,1.2656409,-1.1819086,-0.1082171,1.2657007,-1.1819026,-0.108232,1.2655438,-1.1818914,-0.107948,1.2654316,-1.1818749,-0.1076789,1.2655736,-1.1818734,-0.1078209,1.265626,-1.1818727,-0.1078732,1.265626,-1.1818719,-0.1078658,1.2655886,-1.1818697,-0.1077985,1.2656633,-1.181869,-0.1078732,1.2656858,-1.1818734,-0.1079405,1.2656858,-1.1818749,-0.1079555,1.2656559,-1.1818779,-0.107948,1.2657082,-1.1818757,-0.1079854,1.2657231,-1.1818772,-0.1080153,1.2657157,-1.1818832,-0.1080601,1.2657082,-1.1818846,-0.108075,1.2657007,-1.1818876,-0.10809,1.2656783,-1.1818876,-0.1080601,1.2656783,-1.1818861,-0.1080451,1.2656559,-1.1818846,-0.1080153,1.2657007,-1.1818839,-0.1080601,1.2656484,-1.1818914,-0.1080676,1.2656633,-1.1818906,-0.108075,1.2656932,-1.1818839,-0.1080451,1.2656035,-1.1818854,-0.1079629,1.2656858,-1.1818802,-0.1080003,1.2656708,-1.1818832,-0.1080153,1.2655662,-1.1818772,-0.1078433,1.2655438,-1.1818645,-0.1077013,1.265611,-1.1818637,-0.1077761,1.2656484,-1.181863,-0.1077985,1.2656409,-1.1818637,-0.1077985,1.2656409,-1.1818645,-0.107806,1.2657082,-1.1818637,-0.1078807,1.2657082,-1.1818682,-0.1079106,1.2656633,-1.1818697,-0.1078807,1.2657456,-1.1818682,-0.1079629,1.2657231,-1.1818682,-0.107933,1.2657456,-1.1818697,-0.1079704,1.2657456,-1.1818719,-0.1079928,1.2657231,-1.1818749,-0.1079928,1.265753,-1.1818704,-0.1079854,1.2657157,-1.1818734,-0.1079779,1.2656858,-1.1818779,-0.1079779,1.2657007,-1.1818764,-0.1079854,1.2656633,-1.1818802,-0.1079704,1.2657231,-1.1818734,-0.1079854,1.265753,-1.1818712,-0.1079854,1.2650355,-1.1818645,-0.1071483,1.2654615,-1.1818555,-0.107522,1.2655213,-1.1818383,-0.1074323,1.2652971,-1.1818323,-0.1071258,1.2652523,-1.1818054,-0.1068343,1.2653644,-1.1817867,-0.106782,1.2655662,-1.1817852,-0.1069988,1.2655363,-1.1817882,-0.1069913,1.2655886,-1.1817815,-0.1069838,1.2656185,-1.1817823,-0.1070212,1.2655512,-1.181783,-0.1069614,1.265626,-1.181774,-0.1069539,1.2655811,-1.1817695,-0.1068642,1.2655961,-1.1817666,-0.1068568,1.2655587,-1.1817568,-0.1067222,1.265626,-1.1817531,-0.1067596,1.2654167,-1.1817778,-0.1067671,1.265611,-1.1817628,-0.1068343,1.2655736,-1.1817681,-0.1068493,1.2654989,-1.1817621,-0.1066998,1.2655886,-1.1817606,-0.1067895,1.2656185,-1.1817568,-0.1067895,1.2656334,-1.1817621,-0.1068493,1.2656409,-1.1817643,-0.1068792,1.2656185,-1.1817636,-0.1068493,1.2656185,-1.1817606,-0.1068194,1.2655363,-1.1817613,-0.1067446,1.2655363,-1.1817568,-0.1067073,1.2655587,-1.1817568,-0.1067148,1.2656484,-1.1817494,-0.1067521,1.2656334,-1.1817531,-0.1067671,1.2655213,-1.1817411,-0.1065354,1.265469,-1.1817382,-0.1064457,1.2655213,-1.1817322,-0.1064532,1.2655363,-1.1817359,-0.106498,1.2655139,-1.1817344,-0.1064681,1.2654989,-1.1817292,-0.1064008,1.2655139,-1.1817262,-0.1063934,1.265611,-1.181721,-0.1064457,1.2656783,-1.181718,-0.106498,1.2656035,-1.1817187,-0.1064233,1.2655736,-1.181718,-0.1063784,1.2655438,-1.1817172,-0.106341,1.2656035,-1.1817135,-0.1063784,1.2655288,-1.1817135,-0.1062962,1.2655886,-1.1817112,-0.1063336,1.2656185,-1.181709,-0.106341,1.265611,-1.181709,-0.1063336,1.265611,-1.181709,-0.106341,1.2655662,-1.1817127,-0.1063186,1.2655811,-1.1817098,-0.1063186,1.265611,-1.181706,-0.1063111,1.2654541,-1.1817,-0.1060869,1.2655213,-1.1816948,-0.1061093,1.2653644,-1.1816911,-0.1059075,1.2653718,-1.1816746,-0.1057581,1.2654541,-1.1816686,-0.1057954,1.2655288,-1.1816619,-0.1058179,1.2655886,-1.1816574,-0.1058403,1.2656409,-1.1816612,-0.10593,1.2656633,-1.1816619,-0.1059673,1.2656484,-1.1816671,-0.1059972,1.2656035,-1.1816709,-0.1059823,1.2655512,-1.1816612,-0.1058253,1.2655961,-1.1816507,-0.1057954,1.2655512,-1.1816455,-0.1056908,1.2656484,-1.18165,-0.1058328,1.265626,-1.1816544,-0.1058552,1.265484,-1.181647,-0.105631,1.2655288,-1.1816395,-0.1056086,1.2651177,-1.1816275,-0.1050405,1.2654167,-1.1816245,-0.105347,1.2653345,-1.1816141,-0.1051676,1.2654316,-1.1816096,-0.1052199,1.2655438,-1.1816036,-0.1052947,1.2655363,-1.1816029,-0.1052797,1.2656484,-1.1815999,-0.1053694,1.2656409,-1.1816029,-0.1053918,1.2656633,-1.1816021,-0.1053993,1.2656858,-1.1816021,-0.1054367,1.2656783,-1.1816111,-0.1055039,1.2656633,-1.1816081,-0.1054666,1.2651775,-1.1816724,-0.1055189,1.2654989,-1.1816335,-0.1055189,1.265484,-1.1816335,-0.1055039,1.2654391,-1.181632,-0.1054367,1.2652896,-1.1816186,-0.1051527,1.2653046,-1.1815932,-0.1049359,1.2654466,-1.1815872,-0.1050256,1.2654391,-1.1815879,-0.1050331,1.2654316,-1.1815842,-0.1049882,1.2654765,-1.1815857,-0.1050555,1.265484,-1.1815857,-0.105063,1.2655064,-1.1815887,-0.1051153,1.2654541,-1.1815902,-0.1050704,1.265469,-1.1815894,-0.1050779,1.2654615,-1.1815909,-0.1050854,1.2655213,-1.1815804,-0.1050555,1.2655363,-1.1815752,-0.1050256,1.2655438,-1.1815655,-0.1049359,1.2654242,-1.181558,-0.1047341,1.265469,-1.1815543,-0.1047565,1.2654989,-1.1815513,-0.104764,1.2655288,-1.1815506,-0.104779,1.2655213,-1.1815476,-0.1047491,1.265342,-1.1815423,-0.1045024,1.2653943,-1.1815371,-0.1045099,1.2654242,-1.1815378,-0.1045547,1.2654092,-1.1815304,-0.104465,1.26517,-1.1815162,-0.1040764,1.2653868,-1.1814848,-0.1040241,1.2652971,-1.1814863,-0.1039418,1.265484,-1.1814773,-0.1040614,1.2655288,-1.1814773,-0.1041063,1.2655811,-1.1814788,-0.104181,1.2654391,-1.1814773,-0.1040091,1.265469,-1.1814646,-0.1039269,1.2652373,-1.1814571,-0.103598,1.265327,-1.1814511,-0.1036429,1.2654615,-1.1814429,-0.1037251,1.2655886,-1.1814384,-0.1038148,1.2650206,-1.1815102,-0.1038522,1.2654391,-1.1814362,-0.1036354,1.265469,-1.1814295,-0.1036055,1.2655811,-1.1814235,-0.1036728,1.2655811,-1.1814198,-0.1036429,1.2655811,-1.1814175,-0.103613,1.2655886,-1.1814153,-0.103598,1.2656334,-1.181416,-0.1036653,1.2656334,-1.1814198,-0.1036952,1.2655213,-1.1814183,-0.1035607,1.2655811,-1.1814033,-0.1034785,1.2655213,-1.1814011,-0.1033962,1.265626,-1.1813966,-0.103471,1.2656185,-1.1813988,-0.1034859,1.2657007,-1.1813951,-0.1035382,1.2655139,-1.1814056,-0.1034336,1.2655288,-1.1813966,-0.1033589,1.2655662,-1.1813966,-0.1034037,1.2656633,-1.1813943,-0.1034934,1.2656783,-1.1813973,-0.1035308,1.2656409,-1.1813988,-0.1035083,1.2656334,-1.1814018,-0.1035308,1.2656484,-1.1814018,-0.1035457,1.2656185,-1.1814026,-0.1035158,1.2655363,-1.1813966,-0.1033663,1.2654765,-1.1813951,-0.1032916,1.2654092,-1.1813928,-0.1032019,1.2655587,-1.1813891,-0.103329,1.2655811,-1.1813861,-0.103329,1.2656932,-1.1813839,-0.1034336,1.2656708,-1.1813861,-0.1034261,1.2656932,-1.1813914,-0.1035009,1.2650579,-1.1814504,-0.1033439,1.2646095,-1.181487,-0.1031944,1.2631296,-1.1816716,-0.1032617,1.2630698,-1.1816769,-0.1032393,1.2629353,-1.181697,-0.1032767,1.2630773,-1.1816776,-0.1032617,1.2631221,-1.1816552,-0.1031122,1.2625392,-1.1817337,-0.1031795,1.2623598,-1.1817501,-0.1031346,1.2623897,-1.1817464,-0.1031346,1.2627634,-1.1817083,-0.1031944,1.2629278,-1.1816896,-0.1032019,1.263167,-1.1816657,-0.1032468,1.2644451,-1.1815162,-0.1032692,1.2642881,-1.1815319,-0.1032542,1.2637799,-1.1815909,-0.1032318,1.2637948,-1.1815894,-0.1032318,1.2635631,-1.1816133,-0.1032019,1.2635706,-1.1816081,-0.1031571,1.2634734,-1.1816089,-0.1030599,1.2633538,-1.1816021,-0.1028656,1.2635183,-1.1815917,-0.1029553,1.2639817,-1.1815498,-0.1030748,1.2632043,-1.1816395,-0.103045,1.2631595,-1.181647,-0.1030674,1.2631221,-1.181647,-0.1030225,1.2632043,-1.1816268,-0.1029328,1.2632118,-1.1816343,-0.1030076,1.2632866,-1.1816081,-0.1028506,1.2638397,-1.1815535,-0.1029553,1.2643479,-1.1814997,-0.1030225,1.2645945,-1.1814676,-0.1029926,1.2648038,-1.1814295,-0.1028656,1.2650505,-1.1813637,-0.1025367,1.2653494,-1.1813428,-0.1026712,1.2654092,-1.1813248,-0.1025741,1.2655213,-1.1813226,-0.1026787,1.2655662,-1.1813278,-0.1027684,1.2655736,-1.1813263,-0.1027684,1.2655288,-1.1813271,-0.1027236,1.2655961,-1.1813248,-0.1027759,1.2655064,-1.1813278,-0.1027011,1.2654989,-1.1813248,-0.1026712,1.2655064,-1.1813226,-0.1026563,1.2653868,-1.1813151,-0.1024545,1.2653868,-1.1812927,-0.1022527,1.2654615,-1.1812837,-0.1022527,1.2654765,-1.1812777,-0.1022078,1.2654391,-1.1812703,-0.1020957,1.265484,-1.1812665,-0.1021107,1.2655438,-1.1812635,-0.1021555,1.2655736,-1.1812673,-0.1022228,1.2655438,-1.181271,-0.1022228,1.2656484,-1.1812733,-0.1023573,1.2654017,-1.181271,-0.1020584,1.2654765,-1.1812703,-0.1021406,1.2654242,-1.1812628,-0.1020135,1.2655213,-1.1812606,-0.1021032,1.2654316,-1.1812576,-0.1019762,1.265342,-1.1812553,-0.1018566,1.2654615,-1.1812464,-0.1019089,1.2655139,-1.1812426,-0.1019238,1.2654989,-1.1812374,-0.101864,1.265469,-1.1812351,-0.1018042,1.2655288,-1.1812307,-0.1018341,1.2655438,-1.1812292,-0.1018341,1.2655512,-1.1812307,-0.1018566,1.2655811,-1.1812292,-0.101879,1.2655512,-1.1812292,-0.1018416,1.2655288,-1.1812254,-0.1017818,1.2655662,-1.1812187,-0.1017669,1.2655587,-1.1812194,-0.1017594,1.2655587,-1.1812165,-0.101737,1.2656409,-1.181218,-0.1018416,1.265626,-1.1812232,-0.1018715,1.2655587,-1.1812224,-0.1017893,1.2655961,-1.1812232,-0.1018341,1.2656633,-1.1812217,-0.1018939,1.2655736,-1.1812239,-0.1018267,1.2655438,-1.1812194,-0.1017445,1.2656409,-1.181218,-0.1018416,1.2655213,-1.1812202,-0.1017295,1.2654167,-1.1812112,-0.1015352,1.2655363,-1.1812105,-0.1016548,1.2655587,-1.1812105,-0.1016772,1.2656185,-1.181209,-0.1017295,1.265611,-1.1812105,-0.1017295,1.265626,-1.181212,-0.1017669,1.2655961,-1.1812127,-0.1017445,1.2654541,-1.1812075,-0.1015352,1.2655213,-1.1812038,-0.10158,1.2655736,-1.1812015,-0.1016099,1.2654914,-1.1811985,-0.1015053,1.2655587,-1.1811978,-0.1015651,1.2656633,-1.1811978,-0.1016772,1.2656409,-1.1812,-0.1016697,1.2656559,-1.1811993,-0.1016772,1.2655512,-1.1811978,-0.1015501,1.2655961,-1.181194,-0.1015651,1.2655961,-1.1811866,-0.1014978,1.2656185,-1.1811873,-0.1015352,1.2656035,-1.1811836,-0.1014829,1.2655961,-1.1811836,-0.1014679,1.2655288,-1.1811813,-0.1013707,1.2655961,-1.1811798,-0.101438,1.2654242,-1.1811686,-0.101139,1.2650056,-1.1811387,-0.1004066,1.2654092,-1.1811283,-0.1007579,1.2653868,-1.181123,-0.1006906,1.265469,-1.1811208,-0.1007504,1.2654989,-1.1811148,-0.100728,1.2656409,-1.1811118,-0.1008625,1.2656035,-1.1811156,-0.1008625,1.2655587,-1.1811156,-0.1008027,1.2656409,-1.1811156,-0.1008999,1.265611,-1.1811156,-0.1008625,1.2655736,-1.1811163,-0.1008251,1.2655363,-1.1811185,-0.1008027,1.2656035,-1.1811178,-0.1008775,1.2655139,-1.1811185,-0.1007803,1.2655587,-1.1811178,-0.1008177,1.2656334,-1.1811156,-0.1008924,1.2654466,-1.1811103,-0.1006233,1.2655662,-1.1811029,-0.1006981,1.2655288,-1.1811036,-0.1006607,1.2655064,-1.1810976,-0.1005785,1.2656409,-1.1810954,-0.1007055,1.2656185,-1.1810976,-0.1007055,1.2655736,-1.1810984,-0.1006532,1.265626,-1.1810984,-0.1007205,1.2656409,-1.1810954,-0.1007055,1.2656708,-1.1810984,-0.1007653,1.2656035,-1.1810991,-0.1006981,1.2655886,-1.1810954,-0.1006458,1.2656334,-1.1810969,-0.100713,1.2655811,-1.1810984,-0.1006682,1.2655363,-1.1810946,-0.1005785,1.2654541,-1.1810939,-0.1004813,1.2654466,-1.1810842,-0.1003991,1.2655363,-1.1810827,-0.1004813,1.2654092,-1.1810737,-0.1002571,1.2654914,-1.1810588,-0.1002048,1.2654242,-1.1810677,-0.1002123,1.2654092,-1.181055,-0.1000777,1.2654466,-1.1810513,-0.1000927,1.2655288,-1.1810453,-0.1001151,1.2656035,-1.1810438,-0.1001898,1.2656708,-1.1810453,-0.100272,1.2656633,-1.1810498,-0.1003169,1.2656185,-1.1810528,-0.1002945,1.2656035,-1.1810528,-0.100272,1.265469,-1.1810475,-0.1000777,1.2654167,-1.1810401,-0.0999507,1.26517,-1.1810199,-0.0994947,1.2654989,-1.1810139,-0.0997937,1.2655139,-1.1810176,-0.099846,1.2655213,-1.1810102,-0.0997862,1.2654541,-1.180999,-0.0996143,1.2655961,-1.1810042,-0.0998087,1.2655961,-1.1809997,-0.0997788,1.2656035,-1.1810012,-0.0997937,1.2655886,-1.181002,-0.0997937,1.2656633,-1.180999,-0.0998385,1.2656559,-1.1810042,-0.0998759,1.2656409,-1.1810079,-0.0998983,1.265611,-1.1810072,-0.099861,1.2655736,-1.1810034,-0.0997862,1.2656185,-1.1810064,-0.099861,1.265611,-1.1810049,-0.099846,1.2656185,-1.1810042,-0.0998385,1.2655961,-1.1810012,-0.0997937,1.2655736,-1.1810012,-0.0997638,1.2655961,-1.1810049,-0.0998236,1.2655811,-1.1810027,-0.0997862,1.265611,-1.1809997,-0.0998012,1.2655213,-1.180996,-0.0996666,1.2654242,-1.1809878,-0.0994723,1.2654914,-1.1809788,-0.0994648,1.265469,-1.1809758,-0.0994125,1.2653868,-1.1809661,-0.0992331,1.2655438,-1.1809593,-0.0993453,1.2655961,-1.1809593,-0.0993976,1.2655587,-1.1809601,-0.0993677,1.2655587,-1.1809623,-0.0993901,1.2655512,-1.1809631,-0.0993901,1.2655886,-1.1809623,-0.0994275,1.2655961,-1.1809593,-0.099405,1.2656484,-1.1809631,-0.0995022,1.265611,-1.1809706,-0.0995172,1.2656185,-1.1809676,-0.0995022,1.2655512,-1.1809616,-0.0993752,1.2655587,-1.1809586,-0.0993602,1.2656035,-1.1809556,-0.0993752,1.2656334,-1.1809549,-0.0993976,1.265611,-1.1809564,-0.0993976,1.2656035,-1.1809586,-0.0993976,1.2656185,-1.1809586,-0.09942,1.2656858,-1.1809586,-0.0994873,1.2656633,-1.1809616,-0.0994947,1.2656185,-1.1809638,-0.0994723,1.2655213,-1.1809623,-0.0993453,1.2655961,-1.1809571,-0.0993826,1.2655736,-1.1809579,-0.0993602,1.2656708,-1.1809541,-0.0994349,1.2655811,-1.1809549,-0.0993453,1.2655662,-1.1809541,-0.0993228,1.2654989,-1.1809399,-0.0991136,1.2654092,-1.1809354,-0.098979,1.2655064,-1.1809332,-0.0990538,1.2654989,-1.1809309,-0.0990388,1.2655213,-1.1809317,-0.0990687,1.2655587,-1.1809324,-0.099121,1.2655139,-1.1809354,-0.0990986,1.265626,-1.1809354,-0.0992182,1.2656559,-1.1809414,-0.0993004,1.2656858,-1.1809451,-0.0993677,1.2655886,-1.1809489,-0.0992929,1.2655961,-1.1809474,-0.0992929,1.2655811,-1.1809429,-0.0992406,1.2655886,-1.1809437,-0.0992556,1.2655438,-1.1809414,-0.0991808,1.2655961,-1.1809407,-0.0992331,1.2655886,-1.1809399,-0.0992107,1.265611,-1.1809392,-0.0992331,1.265611,-1.1809377,-0.0992182,1.2656035,-1.1809377,-0.0992107,1.2656185,-1.1809377,-0.0992331,1.2656035,-1.1809407,-0.0992406,1.2655961,-1.1809392,-0.0992107,1.265611,-1.1809377,-0.0992107,1.2654466,-1.1809481,-0.099136,1.2655363,-1.1809407,-0.0991584,1.2655064,-1.1809377,-0.0991061,1.2655438,-1.1809354,-0.099121,1.2655438,-1.1809377,-0.0991435,1.265469,-1.1809339,-0.0990313,1.2653494,-1.1809354,-0.0989043,1.265327,-1.1809339,-0.0988744,1.2653494,-1.1809272,-0.098837,1.2653943,-1.1809265,-0.0988744,1.2654466,-1.1809227,-0.0989043,1.2654391,-1.180925,-0.0989118,1.2654167,-1.180925,-0.0988893,1.2654541,-1.1809227,-0.0989118,1.2653793,-1.1809212,-0.0988146,1.2653943,-1.1809265,-0.0988819,1.2653644,-1.180928,-0.0988594,1.2653943,-1.1809257,-0.0988669,1.2653718,-1.1809265,-0.098852,1.2653345,-1.1809257,-0.0987996,1.265342,-1.1809212,-0.0987772,1.2653868,-1.180919,-0.0987996,1.2653943,-1.180919,-0.0988071,1.2653793,-1.1809205,-0.0987996,1.2654017,-1.1809205,-0.0988221,1.2653943,-1.1809265,-0.0988744,1.2653943,-1.1809242,-0.098852,1.2653569,-1.1809265,-0.098837,1.2653121,-1.1809295,-0.0988146,1.2653644,-1.1809272,-0.0988594,1.265327,-1.1809242,-0.0987772,1.265327,-1.1809212,-0.0987548,1.2653494,-1.1809227,-0.0987922,1.2653121,-1.1809227,-0.0987548,1.2654242,-1.1809287,-0.0989192,1.2654092,-1.1809272,-0.0989043,1.2653868,-1.1809309,-0.0989118,1.2653569,-1.1809265,-0.098837,1.2653345,-1.1809242,-0.0987922,1.265327,-1.1809227,-0.0987623,1.265342,-1.1809212,-0.0987697,1.2653494,-1.1809197,-0.0987697,1.2654466,-1.1809205,-0.0988819,1.2653644,-1.1809324,-0.0988968,1.2653569,-1.1809302,-0.0988669,1.2653345,-1.1809324,-0.0988669,1.2653569,-1.1809339,-0.0989043,1.2654167,-1.1809496,-0.0991061,1.2653569,-1.1809586,-0.099136,1.2653195,-1.1809668,-0.0991659,1.2652822,-1.1809623,-0.0990837,1.2654391,-1.1809721,-0.0993453,1.2652971,-1.180984,-0.0992929,1.2652373,-1.1809795,-0.0991958,1.2653121,-1.1809848,-0.0993303,1.2652597,-1.1809848,-0.099263,1.2652149,-1.1809848,-0.0992257,1.2652373,-1.180981,-0.0992107,1.2652672,-1.180978,-0.0992182,1.2652224,-1.180978,-0.0991659,1.2652523,-1.1809795,-0.0992107,1.2653345,-1.1809728,-0.0992331,1.2652523,-1.1809765,-0.0991883,1.2652597,-1.1809736,-0.0991659,1.2652672,-1.1809736,-0.0991734,1.2652896,-1.1809736,-0.0992032,1.2652523,-1.180975,-0.0991734,1.2652747,-1.1809795,-0.0992406,1.2653046,-1.180981,-0.0992855,1.2653046,-1.1809795,-0.099263,1.2653718,-1.1809848,-0.0993901,1.265327,-1.1809885,-0.0993752,1.265327,-1.180987,-0.0993677,1.2652822,-1.1809863,-0.0993079,1.2653046,-1.1809885,-0.0993527,1.2652896,-1.1809885,-0.0993303,1.2652597,-1.1809922,-0.0993303,1.2653195,-1.1809885,-0.0993677,1.2652672,-1.1809937,-0.0993602,1.2652672,-1.1809922,-0.0993453,1.2653046,-1.1809937,-0.0993976,1.2652896,-1.1809945,-0.0993901,1.2652747,-1.1809997,-0.09942,1.2653644,-1.1809997,-0.0995172,1.2653718,-1.1810124,-0.0996442,1.2653718,-1.1810191,-0.099704,1.2653943,-1.1810326,-0.099861,1.2652896,-1.1810386,-0.0998012,1.2653195,-1.1810416,-0.099861,1.2652971,-1.1810401,-0.0998087,1.2652971,-1.1810386,-0.0998087,1.2652747,-1.181046,-0.0998535,1.2652822,-1.181049,-0.0998834,1.2652523,-1.181049,-0.099846,1.2652298,-1.1810528,-0.099861,1.2652523,-1.1810543,-0.0998983,1.2652298,-1.181055,-0.0998834,1.2651925,-1.1810513,-0.0998087,1.265185,-1.181049,-0.0997788,1.2653121,-1.181049,-0.0999133,1.2652971,-1.1810513,-0.0999282,1.2652373,-1.1810543,-0.0998834,1.2652373,-1.181049,-0.0998311,1.2651925,-1.1810475,-0.0997788,1.2652149,-1.1810453,-0.0997713,1.2652298,-1.181046,-0.0998012,1.2652224,-1.181049,-0.0998161,1.2652149,-1.1810498,-0.0998236,1.2652523,-1.1810528,-0.0998834,1.2652298,-1.1810513,-0.099846,1.2652747,-1.1810513,-0.0998983,1.2652672,-1.1810528,-0.0999058,1.2651177,-1.1810685,-0.0998834,1.2652597,-1.1810565,-0.0999282,1.2652597,-1.1810573,-0.0999432,1.2652672,-1.181055,-0.0999208,1.2652523,-1.1810603,-0.0999581,1.265327,-1.1810565,-0.1000105,1.2653494,-1.1810588,-0.1000478,1.2653121,-1.1810617,-0.1000329,1.2653121,-1.1810647,-0.1000628,1.2653046,-1.1810692,-0.1000927,1.2652373,-1.181073,-0.1000553,1.2652597,-1.1810715,-0.1000702,1.2653121,-1.1810685,-0.1001001,1.2652747,-1.1810692,-0.1000553,1.2653494,-1.181073,-0.1001824,1.2653195,-1.1810782,-0.1001898,1.2652373,-1.1810879,-0.1001898,1.2651925,-1.1810759,-0.1000329,1.2651925,-1.1810677,-0.0999581,1.2652597,-1.1810715,-0.1000702,1.2652523,-1.18107,-0.1000478,1.265327,-1.1810662,-0.1001001,1.2652822,-1.1810715,-0.1000927,1.2652523,-1.1810722,-0.1000702,1.2652822,-1.18107,-0.1000777,1.2652672,-1.1810715,-0.1000777,1.2652597,-1.1810722,-0.1000777,1.2652822,-1.1810737,-0.1001151,1.2651327,-1.181073,-0.0999357,1.2651028,-1.1810603,-0.0997862,1.2651551,-1.181055,-0.0998012,1.2652523,-1.1810528,-0.0998834,1.2651925,-1.1810543,-0.0998311,1.2652523,-1.1810528,-0.0998834,1.2651626,-1.181055,-0.0998087,1.2651925,-1.181049,-0.0997862,1.2652149,-1.181046,-0.0997788,1.2651775,-1.1810453,-0.0997339,1.2652896,-1.1810401,-0.0998087,1.2651925,-1.1810401,-0.0996965,1.265185,-1.1810386,-0.0996891,1.2652298,-1.1810363,-0.099704,1.2651999,-1.1810341,-0.0996517,1.26517,-1.1810274,-0.099562,1.2652298,-1.1810289,-0.0996442,1.2652747,-1.1810289,-0.0996891,1.2652896,-1.1810274,-0.0996891,1.2652747,-1.1810289,-0.0996891,1.2652597,-1.1810259,-0.0996442,1.2651925,-1.1810251,-0.099562,1.2652373,-1.1810214,-0.099577,1.2652523,-1.1810199,-0.0995844,1.2653121,-1.1810162,-0.0996143,1.2652971,-1.1810162,-0.0995994,1.2653046,-1.1810162,-0.0996069,1.265342,-1.1810191,-0.0996741,1.2653793,-1.1810176,-0.099704,1.265327,-1.1810214,-0.0996816,1.2653718,-1.1810289,-0.0997937,1.2653345,-1.1810378,-0.0998311,1.265327,-1.1810416,-0.099861,1.2652896,-1.181049,-0.0998909,1.265342,-1.1810453,-0.0999133,1.265327,-1.1810438,-0.0998834,1.2653195,-1.1810438,-0.0998759,1.2653569,-1.1810423,-0.0999058,1.265484,-1.1810221,-0.099861,1.2652224,-1.1810535,-0.099861,1.2653046,-1.1810498,-0.0999133,1.2652672,-1.1810528,-0.0999058,1.2652747,-1.1810498,-0.0998834,1.2652672,-1.1810543,-0.0999133,1.2652523,-1.1810528,-0.0998834,1.2653121,-1.1810535,-0.0999581,1.2652896,-1.1810513,-0.0999133,1.2652597,-1.181049,-0.099861,1.2652523,-1.1810498,-0.099861,1.2652822,-1.1810528,-0.0999133,1.2652597,-1.1810528,-0.0998909,1.2652597,-1.1810535,-0.0999058,1.2652672,-1.1810498,-0.0998759,1.2652971,-1.181046,-0.0998759,1.265028,-1.1810789,-0.0998834,1.2652523,-1.181055,-0.0999058,1.2652373,-1.1810535,-0.0998759,1.2652523,-1.1810498,-0.099861,1.2652597,-1.1810513,-0.0998759,1.2652597,-1.1810543,-0.0999058,1.2652672,-1.1810565,-0.0999432,1.2652373,-1.181058,-0.0999133,1.2652149,-1.181055,-0.099861,1.2652224,-1.1810565,-0.0998834,1.2652672,-1.1810528,-0.0998983,1.2652523,-1.1810565,-0.0999133,1.2652448,-1.1810565,-0.0999133,1.2652298,-1.1810603,-0.0999282,1.2653046,-1.1810573,-0.099988,1.2652373,-1.181064,-0.0999731,1.265185,-1.1810617,-0.0998909,1.2651925,-1.1810573,-0.0998684,1.2652672,-1.181058,-0.0999432,1.2652373,-1.1810617,-0.0999507,1.2652747,-1.181061,-0.099988,1.2652523,-1.1810625,-0.0999731,1.2652448,-1.1810655,-0.099988,1.2652448,-1.1810625,-0.0999656,1.2652224,-1.1810617,-0.0999357,1.2652822,-1.181064,-0.1000179,1.2652523,-1.1810647,-0.0999955,1.2652074,-1.1810588,-0.0998909,1.2652149,-1.181058,-0.0998909,1.2652224,-1.1810565,-0.0998834,1.2652672,-1.1810543,-0.0999133,1.2652448,-1.1810528,-0.0998834,1.2652298,-1.1810535,-0.0998684,1.2652149,-1.181049,-0.0998087,1.2651775,-1.1810423,-0.0997115,1.2651999,-1.1810348,-0.0996666,1.2652298,-1.1810326,-0.0996741,1.2652597,-1.1810326,-0.0997115,1.2652896,-1.1810326,-0.0997414,1.2652822,-1.1810386,-0.0997862,1.2652672,-1.1810416,-0.0997937,1.2653121,-1.1810378,-0.0998087,1.2652971,-1.1810423,-0.0998385,1.2653121,-1.1810438,-0.0998684,1.2652672,-1.181046,-0.0998385,1.2653046,-1.1810416,-0.0998385,1.2652597,-1.1810438,-0.0998087,1.2653046,-1.1810438,-0.099861,1.2652672,-1.181046,-0.099846,1.2652971,-1.181046,-0.0998759,1.2652597,-1.181046,-0.0998385,1.2652672,-1.1810423,-0.0998087,1.2652672,-1.1810438,-0.0998161,1.265185,-1.1810363,-0.0996592,1.2652971,-1.18107,-0.1000927,1.2653569,-1.1810625,-0.1000852,1.2653195,-1.181061,-0.1000404,1.265342,-1.1810603,-0.1000478,1.2653195,-1.1810617,-0.1000404,1.2652896,-1.1810573,-0.0999731,1.2652822,-1.1810528,-0.0999208,1.2653345,-1.1810498,-0.0999507,1.2653644,-1.1810453,-0.0999432,1.2653345,-1.181049,-0.0999357,1.2653718,-1.1810475,-0.0999656,1.2653868,-1.181049,-0.0999955,1.2653868,-1.1810513,-0.1000179,1.2654316,-1.1810543,-0.1000927,1.2654167,-1.1810588,-0.1001151,1.2653121,-1.1810565,-0.0999806,1.2653046,-1.1810565,-0.0999806,1.265342,-1.181055,-0.1000105,1.2653569,-1.1810535,-0.100003,1.265342,-1.1810528,-0.0999806,1.2653793,-1.1810513,-0.1000105,1.2653569,-1.1810513,-0.099988,1.2653718,-1.1810498,-0.099988,1.2653868,-1.1810498,-0.1000105,1.2654466,-1.1810543,-0.1001076,1.2654242,-1.181055,-0.1001001,1.2653868,-1.1810573,-0.1000777,1.2654017,-1.181058,-0.1000927,1.2654092,-1.1810565,-0.1000927,1.2654017,-1.1810573,-0.1000927,1.2653943,-1.181058,-0.1000852,1.2654092,-1.1810588,-0.1001076,1.2654092,-1.181058,-0.1001001,1.2654167,-1.1810603,-0.10013,1.2655288,-1.181055,-0.1002123,1.2654316,-1.1810692,-0.1002347,1.2653569,-1.1810767,-0.1002197,1.2654541,-1.1810677,-0.1002422,1.2654914,-1.1810662,-0.100272,1.2655213,-1.181064,-0.100287,1.2654391,-1.1810677,-0.1002347,1.2655139,-1.1810625,-0.1002646,1.2654989,-1.1810662,-0.100287,1.2654466,-1.18107,-0.1002571,1.2654541,-1.1810715,-0.1002795,1.2654541,-1.181073,-0.1002945,1.265484,-1.1810715,-0.1003169,1.2654242,-1.1810767,-0.1002945,1.2654989,-1.1810752,-0.1003617,1.265484,-1.1810774,-0.1003692,1.2654765,-1.1810804,-0.1003842,1.2654914,-1.1810767,-0.1003692,1.2654989,-1.1810789,-0.1003991,1.2654242,-1.1810804,-0.1003318,1.2654914,-1.1810804,-0.1004066,1.2655213,-1.1810827,-0.1004514,1.265469,-1.1810894,-0.1004589,1.2654391,-1.1810931,-0.1004664,1.2654092,-1.1810954,-0.1004514,1.2653793,-1.1810954,-0.1004215,1.2654242,-1.1810976,-0.1004888,1.2654316,-1.1810954,-0.1004739,1.2654466,-1.1810909,-0.1004514,1.2654541,-1.1810946,-0.1004963,1.265469,-1.1810916,-0.1004813,1.2654541,-1.1810961,-0.1005112,1.2654466,-1.1810954,-0.1004963,1.2654092,-1.1810976,-0.1004739,1.2654765,-1.1810991,-0.1005635,1.2654167,-1.1811021,-0.1005187,1.2654167,-1.1811029,-0.1005262,1.2654167,-1.1811043,-0.1005411,1.2654316,-1.1811058,-0.100571,1.2654391,-1.1811029,-0.1005486,1.2654541,-1.1811006,-0.1005486,1.2654242,-1.1811029,-0.1005336,1.265469,-1.1811006,-0.1005635,1.2654391,-1.1811006,-0.1005336,1.2654541,-1.1810976,-0.1005187,1.2654391,-1.1810991,-0.1005187,1.2654391,-1.1810984,-0.1005112,1.2654167,-1.1811073,-0.100571,1.265327,-1.1811126,-0.1005187,1.2653046,-1.1811148,-0.1005112,1.265327,-1.1811126,-0.1005187,1.2653569,-1.1811118,-0.1005486,1.2653494,-1.1811103,-0.1005262,1.2654017,-1.1811066,-0.1005486,1.2653943,-1.1811103,-0.100571,1.2653569,-1.1811103,-0.1005336,1.2653943,-1.1811073,-0.1005486,1.2652896,-1.1811103,-0.1004589,1.2654017,-1.1811088,-0.1005635,1.2653868,-1.1811066,-0.1005262,1.2653644,-1.1811103,-0.1005411,1.2653793,-1.1811103,-0.1005561,1.2653569,-1.1811088,-0.1005187,1.2653644,-1.1811096,-0.1005336,1.2653943,-1.1811088,-0.1005635,1.2654167,-1.1811096,-0.100586,1.2654316,-1.1811118,-0.1006308,1.265484,-1.1811185,-0.1007429,1.2654242,-1.181123,-0.100728,1.265484,-1.181126,-0.1008102,1.2654092,-1.1811298,-0.1007728,1.2653718,-1.1811357,-0.1007803,1.2653943,-1.1811335,-0.1007803,1.2654017,-1.181129,-0.1007504,1.2652896,-1.1811298,-0.1006458,1.265342,-1.1811238,-0.1006458,1.2653718,-1.1811208,-0.1006458,1.265342,-1.1811238,-0.1006383,1.2653718,-1.1811208,-0.1006458,1.2654092,-1.1811208,-0.1006831,1.2653793,-1.181123,-0.1006757,1.2653943,-1.1811215,-0.1006757,1.2653943,-1.1811253,-0.1007055,1.2654466,-1.1811305,-0.1008177,1.2653718,-1.1811335,-0.1007653,1.2653569,-1.1811387,-0.1007952,1.2653793,-1.1811335,-0.1007728,1.2654017,-1.1811335,-0.1008027,1.2653718,-1.1811342,-0.1007728,1.2654242,-1.1811298,-0.1007878,1.2653644,-1.1811372,-0.1007952,1.265342,-1.1811402,-0.1007878,1.265342,-1.1811402,-0.1007803,1.2653569,-1.181138,-0.1007878,1.2653718,-1.1811365,-0.1007878,1.2653793,-1.1811342,-0.1007803,1.265342,-1.181141,-0.1008027,1.2653644,-1.1811462,-0.1008625,1.2653345,-1.1811447,-0.1008251,1.265327,-1.1811425,-0.1007952,1.2653195,-1.1811425,-0.1007803,1.265342,-1.1811372,-0.1007653,1.2653569,-1.1811342,-0.1007579,1.2653718,-1.1811402,-0.1008177,1.2653718,-1.1811357,-0.1007803,1.2652971,-1.1811387,-0.100728,1.2653195,-1.181135,-0.100713,1.2653345,-1.1811298,-0.1006831,1.265342,-1.181126,-0.1006607,1.2653121,-1.181129,-0.1006458,1.2653046,-1.181129,-0.1006383,1.2653195,-1.1811268,-0.1006458,1.265342,-1.1811245,-0.1006458,1.265327,-1.18112,-0.100586,1.2653644,-1.1811185,-0.1006159,1.2653644,-1.1811185,-0.1006159,1.2653644,-1.1811163,-0.1006009,1.2653644,-1.1811185,-0.1006159,1.2653718,-1.1811171,-0.1006084,1.2653345,-1.1811185,-0.1005785,1.2654167,-1.1811103,-0.1005934,1.2653868,-1.1811163,-0.1006159,1.2654167,-1.1811148,-0.1006383,1.2654615,-1.1811141,-0.1006757,1.2654541,-1.1811185,-0.100713,1.2654316,-1.1811193,-0.1006981,1.2654092,-1.1811245,-0.1007205,1.2653868,-1.181126,-0.1007055,1.2653718,-1.181126,-0.1006906,1.2654316,-1.1811253,-0.1007504,1.2654092,-1.1811342,-0.1008102,1.2654017,-1.1811342,-0.1008027,1.2654092,-1.1811335,-0.1008027,1.2653943,-1.1811148,-0.1006159,1.2652747,-1.1811111,-0.1004514,1.2653195,-1.1811126,-0.1005112,1.2653494,-1.1811103,-0.1005262,1.2653644,-1.1811103,-0.1005411,1.265342,-1.1811118,-0.1005336,1.2653569,-1.1811096,-0.1005187,1.2653569,-1.1811103,-0.1005411,1.2653793,-1.1811096,-0.1005486,1.2653868,-1.1811118,-0.1005785,1.2653868,-1.1811148,-0.1006009,1.2653943,-1.1811148,-0.1006159,1.2653943,-1.1811171,-0.1006308,1.2649458,-1.1811791,-0.100713,1.2652448,-1.181141,-0.1006906,1.2653195,-1.1811342,-0.100713,1.265327,-1.1811305,-0.1006906,1.2653644,-1.1811305,-0.100728,1.2654167,-1.1811372,-0.1008476,1.2652672,-1.1811425,-0.100728,1.2652896,-1.1811357,-0.1006906,1.2652822,-1.1811425,-0.1007429,1.2652747,-1.1811425,-0.100728,1.2651103,-1.1811283,-0.1004215,1.2652074,-1.1811185,-0.100444,1.2652373,-1.1811215,-0.1004963,1.2652896,-1.1811215,-0.1005635,1.2653046,-1.1811298,-0.1006607,1.2653195,-1.1811327,-0.1006981,1.2652822,-1.1811372,-0.1006981,1.2652971,-1.181141,-0.1007504,1.2653121,-1.1811432,-0.1007878,1.2652822,-1.1811484,-0.1008027,1.2652747,-1.1811514,-0.1008177,1.2652523,-1.1811522,-0.1008027,1.2652747,-1.1811507,-0.1008102,1.2652074,-1.1811514,-0.1007504,1.2652597,-1.1811499,-0.1007952,1.2652672,-1.1811507,-0.1008027,1.2652074,-1.1811499,-0.1007354,1.2652448,-1.1811462,-0.1007429,1.2652822,-1.1811447,-0.1007728,1.2652523,-1.1811462,-0.1007504,1.2652971,-1.181141,-0.1007504,1.2652747,-1.1811447,-0.1007579,1.2652597,-1.1811455,-0.1007504,1.2652523,-1.1811432,-0.1007205,1.2652597,-1.1811425,-0.1007205,1.2652672,-1.1811425,-0.100728,1.2652149,-1.1811462,-0.100713,1.2652597,-1.181144,-0.100728,1.2651999,-1.1811425,-0.1006532,1.2651252,-1.1811283,-0.100444,1.2650729,-1.1811268,-0.1003767,1.2652373,-1.1811178,-0.1004664,1.2652373,-1.1811185,-0.1004739,1.2652373,-1.1811163,-0.1004589,1.2653345,-1.1811148,-0.1005486,1.2653943,-1.1811185,-0.1006458,1.2654167,-1.1811238,-0.1007205,1.2654092,-1.1811275,-0.1007504,1.2653121,-1.1811342,-0.1007055,1.265342,-1.181129,-0.1006906,1.2653046,-1.1811313,-0.1006682,1.2652373,-1.1811335,-0.1006159,1.2652971,-1.1811298,-0.1006383,1.2653195,-1.1811298,-0.1006682,1.2652896,-1.1811313,-0.1006532,1.2652971,-1.181129,-0.1006383,1.2653121,-1.1811313,-0.1006757,1.265327,-1.1811275,-0.1006607,1.2652971,-1.1811298,-0.1006458,1.2652224,-1.1811223,-0.1004963,1.2652149,-1.1811148,-0.1004141,1.2652298,-1.1811051,-0.1003468,1.2652298,-1.1811051,-0.1003468,1.2652448,-1.1811029,-0.1003393,1.2652672,-1.1810991,-0.1003244,1.2652672,-1.1810961,-0.1003019,1.2651177,-1.1810969,-0.1001375,1.2651177,-1.1810804,-0.099988,1.265185,-1.1810692,-0.0999581,1.2652822,-1.181064,-0.1000179,1.2653718,-1.1810625,-0.1001076,1.2653943,-1.1810677,-0.1001824,1.2653345,-1.1810752,-0.1001824,1.2653868,-1.1810745,-0.1002347,1.265327,-1.1810804,-0.1002272,1.2654242,-1.1810842,-0.1003617,1.2652971,-1.1810879,-0.1002571,1.2653569,-1.1810864,-0.1003169,1.2653569,-1.1810901,-0.1003468,1.2653718,-1.1810864,-0.1003244,1.2651551,-1.1810879,-0.1001001,1.2651103,-1.1810834,-0.1000179,1.2651103,-1.1810857,-0.1000254,1.2652597,-1.1810715,-0.1000702,1.2652747,-1.1810737,-0.1001076,1.2652822,-1.1810752,-0.1001226,1.2653569,-1.1810715,-0.1001674,1.2652896,-1.181073,-0.1001076,1.2646842,-1.1810498,-0.0992331,1.2650505,-1.1810289,-0.0994424,1.2651551,-1.1810266,-0.0995321,1.2652149,-1.1810259,-0.0995994,1.2652896,-1.1810296,-0.099719,1.2654391,-1.1810311,-0.0998909,1.2654541,-1.1810363,-0.0999581,1.2654765,-1.1810401,-0.1000105,1.2654391,-1.181049,-0.1000553,1.2653494,-1.181058,-0.1000329,1.2653569,-1.1810535,-0.1000105,1.2654017,-1.181055,-0.1000702,1.2653793,-1.181061,-0.1001001,1.2653718,-1.1810647,-0.10013,1.2651999,-1.181055,-0.0998535,1.264901,-1.1810311,-0.0993004,1.2650579,-1.1810251,-0.09942,1.2650953,-1.1810289,-0.0994873,1.2650654,-1.1810184,-0.0993602,1.2652074,-1.1810102,-0.0994424,1.2651775,-1.1810064,-0.0993752,1.2652298,-1.1809997,-0.0993752,1.2653195,-1.1809952,-0.0994275,1.2652747,-1.180996,-0.0993901,1.2653345,-1.180999,-0.0994798,1.2653494,-1.1810049,-0.0995471,1.2653569,-1.1810087,-0.0995919,1.2653793,-1.1810049,-0.0995844,1.2653868,-1.1810072,-0.0996143,1.2653644,-1.1810064,-0.099577,1.2653345,-1.1809997,-0.0994873,1.2653195,-1.1810034,-0.0995097,1.2652822,-1.1810042,-0.0994723,1.2652672,-1.1809997,-0.0994125,1.2652747,-1.1809975,-0.0993976
2020-09-27.out.3,0.0,1.2653121,-1.1809952,-0.0994125,1.2652971,-1.1809975,-0.0994275,1.2654167,-1.180996,-0.0995396,1.2654316,-1.1810012,-0.0996069,1.2653718,-1.1810049,-0.099577,1.2653644,-1.1810027,-0.0995471,1.2653046,-1.1809937,-0.0993976,1.2653494,-1.1809907,-0.0994275,1.2653345,-1.1809922,-0.0994275,1.2654017,-1.1809878,-0.0994424,1.2653943,-1.18099,-0.0994574,1.2652672,-1.1809907,-0.0993303,1.2653046,-1.1809885,-0.0993527,1.2653494,-1.1809885,-0.0993976,1.265342,-1.1809863,-0.0993752,1.265342,-1.1809863,-0.0993752,1.2653569,-1.1809863,-0.0993826,1.2653345,-1.180984,-0.0993378,1.265327,-1.1809825,-0.0993228,1.2653718,-1.1809803,-0.0993453,1.2651925,-1.181002,-0.0993602,1.2652971,-1.1809848,-0.0993079,1.2652672,-1.1809848,-0.099278,1.2652448,-1.1809803,-0.0992032,1.2652373,-1.1809758,-0.0991584,1.2653195,-1.1809721,-0.0992107,1.2652597,-1.1809736,-0.0991584,1.2653121,-1.1809706,-0.0991958,1.2650579,-1.1809683,-0.0988893,1.2649159,-1.1809317,-0.098396,1.2651476,-1.1809048,-0.0984035,1.265185,-1.1808891,-0.0982914,1.2652672,-1.1808816,-0.0983213,1.265185,-1.1808861,-0.098269,1.2651999,-1.1808824,-0.098254,1.2652896,-1.1808741,-0.0982765,1.2653195,-1.1808741,-0.0983064,1.2653793,-1.1808741,-0.0983736,1.2653195,-1.1808726,-0.0982914,1.2654167,-1.1808712,-0.098396,1.2653943,-1.1808764,-0.098411,1.2651028,-1.1808697,-0.0980298,1.2652896,-1.1808555,-0.0981046,1.2653569,-1.1808525,-0.0981494,1.2653943,-1.1808547,-0.0982092,1.2654466,-1.1808502,-0.0982316,1.2654391,-1.1808584,-0.0982989,1.2654092,-1.1808599,-0.0982839,1.2654092,-1.1808577,-0.098254,1.2654017,-1.1808562,-0.0982391,1.2652747,-1.1808577,-0.098112,1.2651626,-1.180839,-0.0978056,1.2653195,-1.1808293,-0.0978953,1.2653718,-1.1808286,-0.0979476,1.2654017,-1.1808271,-0.09797,1.2653793,-1.1808286,-0.0979625,1.2653868,-1.1808278,-0.0979551,1.2651775,-1.1808256,-0.0977084,1.2652822,-1.1808144,-0.0977234,1.265327,-1.1808061,-0.0976935,1.2651626,-1.1807919,-0.0973721,1.2652298,-1.1807845,-0.0973796,1.2652074,-1.1807762,-0.0972824,1.2653195,-1.1807658,-0.0973123,1.2654242,-1.1807703,-0.0974692,1.2654316,-1.1807725,-0.0974917,1.2655512,-1.1807688,-0.0975888,1.2655288,-1.1807762,-0.0976337,1.2653793,-1.1807807,-0.0975141,1.2653718,-1.1807815,-0.0975141,1.2654391,-1.1807747,-0.097529,1.2654391,-1.1807785,-0.0975589,1.265469,-1.1807762,-0.0975739,1.265469,-1.18078,-0.0975963,1.2654167,-1.1807815,-0.0975589,1.2654541,-1.1807762,-0.0975589,1.2654914,-1.1807762,-0.0975963,1.2653569,-1.1807762,-0.0974543,1.2654092,-1.1807762,-0.0975066,1.2654017,-1.1807785,-0.0975216,1.2654765,-1.1807747,-0.0975739,1.2654541,-1.18078,-0.0975888,1.2654914,-1.180783,-0.0976561,1.265484,-1.1807852,-0.0976785,1.2654242,-1.1807927,-0.0976711,1.2654615,-1.1807927,-0.0977234,1.2654092,-1.1807897,-0.0976337,1.26517,-1.1807785,-0.0972674,1.2652822,-1.1807673,-0.0972824,1.2653345,-1.1807673,-0.0973422,1.2654391,-1.1807635,-0.0974244,1.2654316,-1.1807665,-0.0974394,1.2654466,-1.1807635,-0.0974319,1.2654242,-1.180768,-0.0974468,1.2653793,-1.1807703,-0.0974095,1.2652149,-1.180765,-0.0971852,1.2651476,-1.1807598,-0.0970656,1.2651775,-1.1807321,-0.0968414,1.2653494,-1.1807209,-0.0969311,1.2652448,-1.1807149,-0.0967592,1.2652896,-1.1807052,-0.0967144,1.2652971,-1.1806985,-0.096662,1.2653121,-1.1806963,-0.0966546,1.2653644,-1.1806895,-0.096662,1.2653046,-1.1807007,-0.0966919,1.2654391,-1.1806858,-0.0967069,1.2651103,-1.1806798,-0.0962883,1.2652597,-1.1806649,-0.0963108,1.2653195,-1.1806544,-0.0962883,1.2653195,-1.1806514,-0.096251,1.265327,-1.1806477,-0.0962285,1.2653718,-1.1806477,-0.0962734,1.2653868,-1.1806492,-0.0963108,1.2654466,-1.1806499,-0.096378,1.2655064,-1.1806544,-0.0964901,1.2655139,-1.1806574,-0.09652,1.265484,-1.1806611,-0.0965275,1.2654242,-1.1806596,-0.0964453,1.2652971,-1.1806596,-0.0963108,1.2652971,-1.1806507,-0.0962285,1.2653644,-1.180641,-0.0962061,1.2653121,-1.1806395,-0.0961389,1.2653718,-1.1806387,-0.0961986,1.2654316,-1.180635,-0.0962285,1.2654391,-1.180635,-0.0962285,1.2653943,-1.180635,-0.0961837,1.265342,-1.1806312,-0.096094,1.2653943,-1.180629,-0.0961314,1.2654017,-1.1806275,-0.0961164,1.265469,-1.1806208,-0.0961389,1.2653868,-1.1806245,-0.0960791,1.2654615,-1.1806223,-0.0961463,1.2654615,-1.1806238,-0.0961538,1.2653868,-1.1806185,-0.0960267,1.2654017,-1.1806163,-0.0960267,1.265342,-1.1806111,-0.0959072,1.2653644,-1.1806058,-0.0958847,1.2653943,-1.1806073,-0.0959296,1.2654092,-1.1806058,-0.0959371,1.2654316,-1.1806051,-0.0959445,1.2654092,-1.1806058,-0.0959296,1.2654541,-1.1806036,-0.0959595,1.2654167,-1.1806043,-0.0959371,1.2654615,-1.1806036,-0.0959744,1.2655064,-1.1806006,-0.0959894,1.265469,-1.1806036,-0.0959744,1.2654615,-1.1806036,-0.0959669,1.2654466,-1.1806036,-0.095952,1.2655213,-1.1805998,-0.0960043,1.2654765,-1.1806088,-0.0960342,1.2654466,-1.1806111,-0.0960267,1.2655288,-1.1806088,-0.0960865,1.265469,-1.1806111,-0.0960492,1.2654914,-1.1806096,-0.0960566,1.2654765,-1.1806125,-0.0960641,1.2655139,-1.1806111,-0.096094,1.2654466,-1.180614,-0.0960492,1.265469,-1.1806133,-0.0960641,1.2654541,-1.1806148,-0.0960716,1.2654316,-1.180617,-0.0960566,1.2654615,-1.1806111,-0.0960417,1.2654615,-1.1806148,-0.0960716,1.2654391,-1.1806163,-0.0960566,1.265469,-1.1806163,-0.096094,1.2654466,-1.18062,-0.096109,1.2654615,-1.18062,-0.0961164,1.2654092,-1.1806223,-0.0960791,1.2654765,-1.18062,-0.0961314,1.2654466,-1.1806215,-0.0961164,1.2654765,-1.180617,-0.096109,1.265469,-1.18062,-0.0961314,1.2654541,-1.18062,-0.0961164,1.2655064,-1.1806185,-0.0961613,1.2654615,-1.180626,-0.0961762,1.2654615,-1.1806238,-0.0961613,1.265484,-1.1806208,-0.0961538,1.2654391,-1.1806238,-0.0961314,1.265484,-1.18062,-0.0961463,1.2654541,-1.180626,-0.0961687,1.2654541,-1.180626,-0.0961687,1.2654914,-1.1806245,-0.0961986,1.2654391,-1.1806282,-0.0961837,1.2654466,-1.1806275,-0.0961762,1.2655139,-1.1806253,-0.0962211,1.2654615,-1.1806275,-0.0961912,1.2654615,-1.1806238,-0.0961613,1.2654989,-1.180626,-0.0962211,1.2654092,-1.1806238,-0.0961015,1.2653868,-1.1806238,-0.0960791,1.265342,-1.1806178,-0.0959669,1.2653195,-1.1806111,-0.0958847,1.2653644,-1.1806096,-0.0959221,1.2654167,-1.1806088,-0.0959669,1.2654017,-1.1806133,-0.0959894,1.2654242,-1.1806125,-0.0960043,1.2654391,-1.1806125,-0.0960267,1.2654615,-1.1806148,-0.0960716,1.2656708,-1.1805901,-0.0960716,1.2654914,-1.1806148,-0.096109,1.2654989,-1.1806148,-0.0961164,1.2654391,-1.1806185,-0.0960865,1.2654316,-1.1806223,-0.096109,1.2654242,-1.1806223,-0.0961015,1.2654391,-1.1806223,-0.0961164,1.2654242,-1.180617,-0.0960566,1.2654391,-1.1806223,-0.0961239,1.2654615,-1.1806238,-0.0961538,1.2654466,-1.1806238,-0.0961314,1.2654017,-1.1806238,-0.096094,1.2654914,-1.1806178,-0.0961314,1.2654541,-1.1806185,-0.0961015,1.2654765,-1.1806185,-0.0961239,1.2654242,-1.1806185,-0.0960641,1.2654242,-1.1806185,-0.0960716,1.2654316,-1.1806163,-0.0960492,1.2654017,-1.1806178,-0.0960342,1.2653868,-1.18062,-0.0960342,1.2654092,-1.1806148,-0.0960118,1.2654615,-1.1806125,-0.0960492,1.2654914,-1.1806148,-0.096109,1.2654167,-1.1806208,-0.0960791,1.2654466,-1.18062,-0.096109,1.2654316,-1.18062,-0.0960865,1.2654466,-1.1806208,-0.096109,1.2654316,-1.18062,-0.0960865,1.265469,-1.18062,-0.0961314,1.2654167,-1.1806208,-0.0960791,1.2654466,-1.1806223,-0.0961314,1.2654167,-1.1806215,-0.0960791,1.2654242,-1.1806178,-0.0960641,1.2654316,-1.18062,-0.0960865,1.2654541,-1.1806185,-0.0961015,1.2654242,-1.18062,-0.0960791,1.2654765,-1.18062,-0.0961389,1.2654242,-1.1806208,-0.0960865,1.2654466,-1.1806185,-0.096094,1.2654242,-1.1806185,-0.0960716,1.2654391,-1.1806148,-0.0960492,1.2654167,-1.1806163,-0.0960342,1.2654541,-1.180617,-0.096094,1.2654167,-1.1806185,-0.0960641,1.2654167,-1.18062,-0.0960716,1.2654391,-1.1806163,-0.0960641,1.2654466,-1.1806148,-0.0960566,1.2654167,-1.1806185,-0.0960566,1.2654242,-1.1806185,-0.0960716,1.2654391,-1.1806185,-0.0960791,1.2654167,-1.1806185,-0.0960641,1.2654092,-1.180617,-0.0960417,1.2655139,-1.1806088,-0.0960791,1.2654541,-1.1806111,-0.0960342,1.2650729,-1.1806312,-0.095795,1.2652672,-1.1806133,-0.0958548,1.2652971,-1.1806118,-0.0958623,1.2653345,-1.1806111,-0.0958922,1.2653494,-1.1806118,-0.0959221,1.2653793,-1.1806133,-0.0959669,1.2653718,-1.1806133,-0.0959669,1.2654017,-1.1806133,-0.0959968,1.2653868,-1.1806148,-0.0959894,1.2654167,-1.1806111,-0.0959894,1.2653644,-1.1806163,-0.0959744,1.2653195,-1.1806163,-0.0959296,1.2653046,-1.1806148,-0.0958922,1.2653644,-1.1806125,-0.0959445,1.2653046,-1.1806178,-0.0959221,1.2652896,-1.1806163,-0.0958922,1.2652896,-1.1806118,-0.0958623,1.2653345,-1.1806081,-0.0958698,1.2653046,-1.1806111,-0.0958623,1.265342,-1.1806088,-0.0958773,1.2653345,-1.1806096,-0.0958847,1.2653345,-1.1806111,-0.0958922,1.2653569,-1.1806096,-0.0959146,1.2653494,-1.1806111,-0.0959072,1.2653569,-1.1806058,-0.0958698,1.2653494,-1.1806058,-0.0958698,1.2653494,-1.1806073,-0.0958773,1.2653644,-1.1806073,-0.0958922,1.2653868,-1.1806036,-0.0958922,1.2653121,-1.1806088,-0.0958548,1.2653345,-1.1806096,-0.0958847,1.2653046,-1.1806096,-0.0958548,1.2653195,-1.1806081,-0.0958548,1.2653718,-1.1806073,-0.0959072,1.2653718,-1.1806043,-0.0958773,1.2641311,-1.1807493,-0.0958548,1.2652523,-1.1806073,-0.0957726,1.2652448,-1.1805998,-0.0956979,1.265342,-1.1805961,-0.0957651,1.2653494,-1.1805924,-0.0957352,1.2653195,-1.1805924,-0.0957054,1.2653943,-1.1805924,-0.0957876,1.2653494,-1.1805939,-0.0957577,1.2651925,-1.1805924,-0.0955633,1.2652672,-1.1805834,-0.0955633,1.2653345,-1.1805819,-0.0956306,1.2652747,-1.1805819,-0.0955633,1.2653121,-1.1805834,-0.0956157,1.265342,-1.1805819,-0.0956381,1.2653569,-1.1805834,-0.095668,1.2653345,-1.1805849,-0.095653,1.2653943,-1.1805797,-0.0956755,1.2654092,-1.1805797,-0.0956904,1.2654017,-1.1805834,-0.0957203,1.2654092,-1.1805819,-0.0957128,1.2653793,-1.1805849,-0.0957054,1.2653121,-1.1805834,-0.0956157,1.2653644,-1.1805834,-0.0956755,1.265342,-1.1805849,-0.095668,1.2653644,-1.1805834,-0.0956829,1.2653345,-1.1805849,-0.095653,1.265342,-1.1805819,-0.0956456,1.2653195,-1.1805849,-0.0956381,1.265342,-1.1805834,-0.0956456,1.2653793,-1.1805819,-0.0956829,1.265327,-1.1805849,-0.0956456,1.2653195,-1.1805819,-0.0956157,1.2653718,-1.1805812,-0.0956605,1.2654017,-1.1805782,-0.095668,1.2652896,-1.1805894,-0.0956456,1.2654017,-1.1805797,-0.0956904,1.2654017,-1.1805774,-0.0956605,1.2653793,-1.1805834,-0.0956979,1.2653644,-1.1805834,-0.0956755,1.2653943,-1.1805834,-0.0957128,1.2653793,-1.1805834,-0.0956904,1.2653644,-1.1805856,-0.0956979,1.2654092,-1.1805812,-0.0956979,1.2654167,-1.1805834,-0.0957278,1.2653345,-1.1805819,-0.0956306,1.265342,-1.1805812,-0.0956231,1.2653195,-1.1805797,-0.0955858,1.2653793,-1.1805774,-0.0956306,1.2653644,-1.1805819,-0.095668,1.2653494,-1.1805812,-0.0956381,1.2653121,-1.1805849,-0.0956306,1.2653793,-1.1805782,-0.0956456,1.2654017,-1.1805759,-0.0956456,1.2653943,-1.1805819,-0.0956979,1.2653494,-1.1805849,-0.0956755,1.2652971,-1.1805849,-0.0956082,1.2653121,-1.1805856,-0.0956381,1.2653345,-1.1805834,-0.0956456,1.2653494,-1.1805782,-0.0956157,1.2653793,-1.1805774,-0.0956306,1.2653644,-1.1805774,-0.0956231,1.2653345,-1.1805782,-0.0956007,1.2653121,-1.1805797,-0.0955858,1.2653345,-1.1805782,-0.0956007,1.2653569,-1.1805744,-0.0955858,1.265327,-1.1805737,-0.0955409,1.2653718,-1.1805707,-0.0955633,1.2653121,-1.1805744,-0.0955334,1.2653345,-1.1805685,-0.095511,1.2651925,-1.1805632,-0.0953017,1.2652373,-1.1805647,-0.0953615,1.2652822,-1.1805632,-0.0954064,1.2653046,-1.1805617,-0.0954139,1.2653046,-1.180561,-0.0954064,1.2653569,-1.180561,-0.0954662,1.2653345,-1.1805595,-0.0954288,1.2653494,-1.1805587,-0.0954288,1.2653494,-1.1805617,-0.0954587,1.265327,-1.1805632,-0.0954512,1.265342,-1.1805595,-0.0954363,1.2653644,-1.1805625,-0.0954811,1.2653345,-1.1805647,-0.0954737,1.2653494,-1.180567,-0.095511,1.2653793,-1.1805632,-0.0955036,1.2653345,-1.1805647,-0.0954737,1.2652896,-1.1805655,-0.0954288,1.2652672,-1.1805699,-0.0954438,1.2653121,-1.1805662,-0.0954587,1.2653569,-1.1805625,-0.0954737,1.265342,-1.1805655,-0.0954886,1.2653121,-1.180567,-0.0954737,1.2653121,-1.1805699,-0.0954961,1.2654092,-1.1805655,-0.0955633,1.2653046,-1.1805737,-0.0955185,1.2652448,-1.1805759,-0.0954662,1.2652747,-1.1805685,-0.0954288,1.2652373,-1.1805685,-0.0953914,1.2652672,-1.1805685,-0.0954288,1.265327,-1.1805617,-0.0954363,1.2652896,-1.1805647,-0.0954139,1.2652672,-1.1805617,-0.095369,1.2652971,-1.1805625,-0.0954064,1.2652747,-1.1805595,-0.0953541,1.2652971,-1.1805543,-0.0953391,1.2653046,-1.1805557,-0.0953541,1.2652672,-1.1805483,-0.095242,1.2652597,-1.1805505,-0.0952569,1.265342,-1.1805445,-0.0952943,1.265327,-1.1805468,-0.0952943,1.2653494,-1.1805498,-0.0953466,1.2652672,-1.1805557,-0.0953167,1.2652747,-1.1805557,-0.0953242,1.2653868,-1.180546,-0.0953541,1.2652747,-1.1805528,-0.0952943,1.2651252,-1.1805445,-0.0950551,1.2652597,-1.1805356,-0.0951224,1.2652896,-1.1805356,-0.0951448,1.2652448,-1.1805393,-0.0951373,1.2653494,-1.1805333,-0.0951896,1.2652971,-1.1805341,-0.0951448,1.2651999,-1.1805341,-0.0950402,1.2651775,-1.1805258,-0.0949355,1.2652672,-1.1805258,-0.0950327,1.2652822,-1.1805229,-0.0950327,1.2653569,-1.1805266,-0.0951448,1.2653793,-1.1805251,-0.0951523,1.2653793,-1.1805281,-0.0951822,1.265342,-1.1805318,-0.0951747,1.2653793,-1.1805303,-0.0952046,1.2653793,-1.1805296,-0.0951896,1.265342,-1.1805318,-0.0951747,1.2653345,-1.1805371,-0.0952195,1.2653569,-1.1805318,-0.0951971,1.2654017,-1.1805281,-0.0952121,1.2653569,-1.1805348,-0.0952121,1.2653718,-1.1805296,-0.0951896,1.2653046,-1.1805333,-0.0951448,1.2652971,-1.1805303,-0.0951074,1.2652971,-1.1805311,-0.0951149,1.265342,-1.1805266,-0.0951298,1.265327,-1.1805318,-0.0951523,1.2653718,-1.1805244,-0.0951373,1.2653943,-1.1805288,-0.0952046,1.2653121,-1.1805363,-0.0951896,1.2652523,-1.1805266,-0.0950402,1.2653195,-1.1805266,-0.0950999,1.2653345,-1.1805184,-0.0950476,1.2652597,-1.1805244,-0.0950177,1.2653345,-1.1805221,-0.0950775,1.265327,-1.1805244,-0.0950925,1.2652597,-1.1805221,-0.0950028,1.265327,-1.1805229,-0.0950701,1.2652448,-1.1805229,-0.0949878,1.2652597,-1.1805229,-0.0950028,1.2652074,-1.1805199,-0.0949206,1.2652747,-1.1805124,-0.0949206,1.2652448,-1.1805146,-0.0949131,1.2652298,-1.1805094,-0.0948458,1.26517,-1.1805072,-0.0947561,1.2652298,-1.1805004,-0.0947636,1.2652373,-1.1804967,-0.0947412,1.2652971,-1.1804922,-0.0947636,1.2652822,-1.180493,-0.0947561,1.265327,-1.1804915,-0.094786,1.2652896,-1.1804922,-0.0947561,1.2652523,-1.1804945,-0.0947337,1.2652971,-1.1804892,-0.0947337,1.2652971,-1.1804885,-0.0947262,1.265327,-1.180487,-0.0947412,1.2653868,-1.1804855,-0.094801,1.2653046,-1.1804892,-0.0947412,1.265342,-1.180487,-0.0947636,1.2652896,-1.1804885,-0.0947188,1.2651476,-1.180487,-0.0945543,1.2653046,-1.1804847,-0.0946963,1.2652822,-1.1804885,-0.0947038,1.2652896,-1.1804832,-0.0946739,1.265342,-1.180481,-0.0947038,1.265327,-1.180481,-0.0946889,1.2653569,-1.1804847,-0.0947561,1.2653494,-1.180487,-0.0947636,1.265327,-1.1804855,-0.0947337,1.2653046,-1.1804855,-0.0947113,1.2652597,-1.1804885,-0.0946814,1.265342,-1.1804847,-0.0947337,1.2653345,-1.1804832,-0.0947188,1.265327,-1.180487,-0.0947487,1.2652822,-1.1804877,-0.0947038,1.2653046,-1.1804862,-0.0947113,1.265327,-1.180487,-0.0947487,1.2653121,-1.1804847,-0.0947038,1.2652971,-1.1804832,-0.0946814,1.2653121,-1.1804832,-0.0946963,1.265327,-1.1804832,-0.0947038,1.265327,-1.1804832,-0.0947038,1.265327,-1.1804795,-0.0946739,1.2653046,-1.180484,-0.0946889,1.265327,-1.1804818,-0.0947038,1.2653345,-1.180478,-0.0946664,1.2653345,-1.1804788,-0.0946739,1.2651402,-1.1804743,-0.0944198,1.2652523,-1.1804668,-0.0944796,1.2652672,-1.1804646,-0.0944721,1.2652971,-1.1804631,-0.0944871,1.2652822,-1.1804631,-0.0944796,1.265342,-1.1804593,-0.094502,1.2653345,-1.1804623,-0.0945244,1.2653121,-1.1804616,-0.094502,1.265342,-1.1804623,-0.0945319,1.265327,-1.1804646,-0.0945394,1.265327,-1.1804668,-0.0945543,1.2653718,-1.1804668,-0.0946141,1.2653121,-1.1804668,-0.0945394,1.2653345,-1.1804571,-0.0944721,1.2652672,-1.1804481,-0.0943226,1.2653046,-1.1804444,-0.0943226,1.265342,-1.1804481,-0.0944049,1.2653569,-1.1804481,-0.0944273,1.2652971,-1.1804541,-0.0944123,1.2652971,-1.1804519,-0.0943899,1.265342,-1.1804519,-0.0944422,1.265327,-1.1804534,-0.0944348,1.2653345,-1.1804519,-0.0944348,1.2654316,-1.1804504,-0.094517,1.265342,-1.1804556,-0.0944721,1.2652597,-1.1804481,-0.0943152,1.2652822,-1.1804504,-0.0943525,1.2652224,-1.1804548,-0.0943301,1.2653121,-1.1804481,-0.0943675,1.2653046,-1.1804474,-0.0943525,1.2653195,-1.1804481,-0.094375,1.2652971,-1.1804481,-0.0943525,1.265342,-1.1804459,-0.094375,1.2652971,-1.1804391,-0.0942778,1.2652672,-1.1804384,-0.0942255,1.2653046,-1.1804369,-0.0942554,1.2652822,-1.1804369,-0.0942329,1.2652747,-1.1804347,-0.0942031,1.2652672,-1.1804347,-0.0941881,1.2652298,-1.1804279,-0.0940909,1.2653195,-1.1804294,-0.0942031,1.2653195,-1.1804317,-0.0942255,1.265342,-1.1804309,-0.0942404,1.2653644,-1.1804309,-0.0942703,1.2654167,-1.1804279,-0.0943002,1.2653943,-1.1804279,-0.0942703,1.2653345,-1.1804264,-0.0941956,1.2653345,-1.1804257,-0.0941881,1.265342,-1.1804264,-0.0942031,1.2653569,-1.1804257,-0.0942105,1.2653644,-1.1804242,-0.0942105,1.2652074,-1.1804227,-0.0940237,1.2652298,-1.1804182,-0.0940013,1.2652747,-1.1804167,-0.0940386,1.2653195,-1.1804107,-0.0940311,1.2653121,-1.1804115,-0.0940311,1.2653345,-1.1804152,-0.0940909,1.265342,-1.1804115,-0.094061,1.2653644,-1.1804107,-0.094076,1.2653121,-1.1804167,-0.0940835,1.2653793,-1.1804145,-0.0941283,1.2653345,-1.1804167,-0.0941059,1.265342,-1.1804167,-0.0941134,1.265342,-1.180419,-0.0941358,1.2653569,-1.1804182,-0.0941433,1.2653195,-1.1804205,-0.0941208,1.265342,-1.180419,-0.0941358,1.2653345,-1.1804182,-0.0941208,1.2653121,-1.1804145,-0.0940536,1.2652822,-1.180413,-0.0940087,1.2652149,-1.1804093,-0.0939041,1.265327,-1.1804093,-0.0940237,1.2651327,-1.1804055,-0.0937696,1.2653195,-1.1803965,-0.0938966,1.2652672,-1.180398,-0.0938592,1.2652747,-1.1803965,-0.0938518,1.2652747,-1.1803965,-0.0938443,1.2652747,-1.1803936,-0.0938293,1.2653569,-1.1803958,-0.093934,1.2653121,-1.1803943,-0.0938667,1.2653046,-1.1803928,-0.0938592,1.2653718,-1.1803876,-0.0938817,1.2653644,-1.1803921,-0.0939041,1.2653345,-1.1803898,-0.0938592,1.2652448,-1.1803943,-0.0937994,1.265327,-1.1803838,-0.093792,1.2653345,-1.1803801,-0.0937696,1.2653644,-1.1803831,-0.0938293,1.2653868,-1.1803816,-0.0938368,1.2653644,-1.1803853,-0.0938443,1.2653868,-1.1803823,-0.0938443,1.2653718,-1.1803801,-0.0938144,1.2653793,-1.1803794,-0.0938069,1.2652896,-1.1803764,-0.0936873,1.265342,-1.1803764,-0.0937397,1.2653046,-1.1803726,-0.0936724,1.2652747,-1.1803696,-0.0936051,1.2653195,-1.1803667,-0.0936201,1.2653718,-1.1803667,-0.0936873,1.2653494,-1.1803689,-0.0936799,1.2653943,-1.1803681,-0.0937172,1.2653793,-1.1803719,-0.0937322,1.2653868,-1.1803667,-0.0937023,1.2653569,-1.1803696,-0.0936948,1.265327,-1.1803689,-0.0936649,1.2653718,-1.1803652,-0.0936724,1.2653868,-1.1803652,-0.0936873,1.2653644,-1.1803696,-0.0937098,1.2654242,-1.1803667,-0.0937471,1.2653644,-1.1803696,-0.0937023,1.2653569,-1.1803689,-0.0936948,1.2653121,-1.1803734,-0.0936799,1.2653868,-1.1803689,-0.0937247,1.2654017,-1.1803711,-0.0937546,1.2653494,-1.1803704,-0.0936948,1.2653195,-1.1803689,-0.09365,1.2653644,-1.1803652,-0.0936649,1.2653718,-1.1803681,-0.0937023,1.2654316,-1.1803614,-0.0937023,1.2653868,-1.1803667,-0.0937023,1.2654242,-1.1803652,-0.0937247,1.2654167,-1.1803681,-0.0937471,1.2652747,-1.1803659,-0.0935678,1.2652822,-1.1803652,-0.0935678,1.2652747,-1.1803607,-0.0935154,1.2652971,-1.1803584,-0.0935304,1.2652672,-1.1803532,-0.0934482,1.2652074,-1.1803495,-0.0933435,1.2653046,-1.1803457,-0.0934183,1.2653569,-1.180348,-0.093493,1.265342,-1.1803495,-0.093493,1.2652298,-1.1803495,-0.0933659,1.2652747,-1.1803457,-0.0933809,1.2653121,-1.1803457,-0.0934183,1.265327,-1.1803472,-0.0934556,1.2653345,-1.1803405,-0.0933958,1.2653195,-1.1803382,-0.0933585,1.2654167,-1.1803382,-0.0934781,1.2653718,-1.1803405,-0.0934407,1.2653569,-1.1803397,-0.0934257,1.265327,-1.1803405,-0.0933884,1.2653569,-1.1803382,-0.0934033,1.2652597,-1.1803427,-0.0933361,1.2652298,-1.1803457,-0.0933361,1.2651177,-1.1803539,-0.0932912,1.2651925,-1.1803487,-0.0933211,1.2652224,-1.1803495,-0.0933585,1.2651925,-1.1803472,-0.0933062,1.26517,-1.1803472,-0.0932837,1.2652074,-1.180345,-0.0932987,1.2652373,-1.1803442,-0.0933286,1.2651476,-1.1803457,-0.0932389,1.2646768,-1.1804055,-0.0932763,1.2652149,-1.1803397,-0.0932613,1.2652747,-1.18033,-0.0932389,1.2652373,-1.1803315,-0.093209,1.2651999,-1.1803226,-0.0930894,1.2652672,-1.1803233,-0.0931641,1.2652523,-1.180324,-0.0931567,1.2652672,-1.1803255,-0.0931866,1.2653121,-1.1803255,-0.0932389,1.2652822,-1.180327,-0.0932165,1.2653121,-1.1803263,-0.0932464,1.2653195,-1.1803278,-0.0932688,1.2653793,-1.1803226,-0.0932912,1.2653494,-1.1803263,-0.0932837,1.2653195,-1.1803263,-0.0932538,1.2653195,-1.1803218,-0.093209,1.2653195,-1.1803218,-0.093209,1.2652971,-1.180327,-0.0932389,1.2653195,-1.180324,-0.0932314,1.2652822,-1.1803263,-0.0932165,1.2653121,-1.180327,-0.0932464,1.2653046,-1.1803233,-0.093209,1.2652896,-1.1803255,-0.0932165,1.2653345,-1.1803218,-0.0932239,1.2652747,-1.1803226,-0.0931716,1.2652896,-1.1803181,-0.0931417,1.2652597,-1.1803203,-0.0931343,1.2651028,-1.1803143,-0.09291,1.2650804,-1.1803076,-0.0928203,1.2652224,-1.1803061,-0.0929623,1.2652971,-1.1803031,-0.0930072,1.2653121,-1.1803069,-0.0930595,1.2652971,-1.1803054,-0.0930296,1.2652896,-1.1803084,-0.093052,1.2652747,-1.1803031,-0.0929922,1.2652597,-1.1803016,-0.0929623,1.2652298,-1.1802979,-0.0928876,1.2653046,-1.1802942,-0.0929399,1.2653195,-1.1802949,-0.0929623,1.2652822,-1.1802949,-0.092925,1.265342,-1.1802882,-0.092925,1.2652672,-1.1802919,-0.0928801,1.265327,-1.1802889,-0.0929175,1.265327,-1.1802942,-0.0929698,1.2654017,-1.1802889,-0.0929997,1.265342,-1.1802927,-0.0929698,1.2652971,-1.1802964,-0.0929549,1.265327,-1.1802956,-0.0929773,1.2653494,-1.1802956,-0.0929997,1.2653121,-1.1802979,-0.0929848,1.2652747,-1.1802986,-0.0929474,1.2652747,-1.1802942,-0.09291,1.2652597,-1.1802949,-0.0929026,1.2653046,-1.1802904,-0.09291,1.2651925,-1.1802912,-0.0927904,1.2652672,-1.1802889,-0.0928502,1.265327,-1.1802814,-0.0928428,1.265342,-1.1802852,-0.0928951,1.2653046,-1.1802852,-0.0928577,1.2653121,-1.1802852,-0.0928652,1.2653046,-1.1802814,-0.0928203,1.2652822,-1.1802867,-0.0928502,1.2652074,-1.1802829,-0.0927306,1.2652149,-1.1802867,-0.0927755,1.2652224,-1.1802852,-0.092768,1.2652747,-1.1802814,-0.0927904,1.2652971,-1.1802792,-0.0927904,1.2652822,-1.18028,-0.092783,1.2651402,-1.18028,-0.0926335,1.265185,-1.1802777,-0.0926559,1.2652448,-1.1802762,-0.0927082,1.2652448,-1.1802755,-0.0926933,1.2652373,-1.180274,-0.0926783,1.2652672,-1.1802725,-0.0927008,1.2652747,-1.1802725,-0.0927082,1.2652672,-1.1802755,-0.0927232,1.2652298,-1.180274,-0.0926783,1.2653046,-1.1802725,-0.0927381,1.2652523,-1.1802725,-0.0926783,1.2652597,-1.1802702,-0.0926783,1.265342,-1.1802613,-0.0926783,1.2653195,-1.1802613,-0.0926634,1.265327,-1.1802628,-0.0926709,1.265327,-1.1802613,-0.0926634,1.2653121,-1.1802635,-0.0926634,1.2653121,-1.180265,-0.0926783,1.2653121,-1.1802665,-0.0926933,1.2652896,-1.1802628,-0.0926335,1.2651775,-1.1802792,-0.0926634,1.2646394,-1.1802859,-0.0921327,1.2650654,-1.1802501,-0.0922747,1.2652523,-1.1802433,-0.0924093,1.2651402,-1.1802441,-0.0922971,1.2651551,-1.1802396,-0.0922747,1.2651999,-1.1802359,-0.0922897,1.2652298,-1.1802336,-0.0922971,1.2652074,-1.1802336,-0.0922747,1.2652822,-1.1802329,-0.0923495,1.2652373,-1.1802359,-0.092327,1.2650953,-1.1802336,-0.0921551,1.2649383,-1.1802336,-0.0919758,1.2652074,-1.1802254,-0.0921925,1.2652149,-1.1802246,-0.0922,1.2652971,-1.1802202,-0.0922448,1.2653569,-1.1802224,-0.092342,1.2653569,-1.1802254,-0.0923644,1.2651775,-1.1802261,-0.0921701,1.2652298,-1.1802202,-0.0921776,1.2652523,-1.1802194,-0.0921925,1.2652672,-1.1802187,-0.0922,1.2651103,-1.1802149,-0.0919982,1.2651925,-1.1802134,-0.0920729,1.2652747,-1.1802089,-0.0921252,1.2651925,-1.180206,-0.0920057,1.2652597,-1.1802022,-0.092043,1.2652747,-1.1802037,-0.0920729,1.2652672,-1.1802097,-0.0921178,1.2651925,-1.1802089,-0.0920281,1.2651327,-1.1802052,-0.0919309,1.2652523,-1.1801985,-0.0920057,1.2652373,-1.1802022,-0.0920131,1.2652298,-1.1801992,-0.0919832,1.2651999,-1.1801985,-0.0919459,1.2652672,-1.1801977,-0.0920057,1.2653195,-1.1801985,-0.0920804,1.2653046,-1.1802022,-0.0920953,1.2652672,-1.180206,-0.0920804,1.2652672,-1.180206,-0.0920804,1.2652298,-1.1801985,-0.0919758,1.2652672,-1.1801985,-0.0920206,1.2652597,-1.1801977,-0.0919982,1.2653195,-1.1801947,-0.092043,1.2652896,-1.1801947,-0.0920057,1.2652747,-1.1801962,-0.0920057,1.2652298,-1.1801977,-0.0919683,1.2649533,-1.1801761,-0.0914675,1.2651028,-1.1801738,-0.0916095,1.2652224,-1.1801738,-0.0917366,1.2649907,-1.1801678,-0.0914301,1.2651252,-1.1801611,-0.0915198,1.2651402,-1.1801536,-0.09146,1.2650505,-1.1801514,-0.0913479,1.2652149,-1.1801499,-0.0915124,1.2651626,-1.1801477,-0.0914227,1.2652298,-1.1801409,-0.0914526,1.2650729,-1.1801372,-0.0912358,1.26517,-1.1801335,-0.0913106,1.2652448,-1.180135,-0.0914077,1.265327,-1.180135,-0.0914974,1.2652896,-1.1801372,-0.091475,1.2652747,-1.1801424,-0.0915124,1.2653195,-1.1801387,-0.0915198,1.2652597,-1.1801432,-0.0915049,1.2653195,-1.1801402,-0.0915423,1.2652672,-1.1801424,-0.0914974,1.2652448,-1.1801439,-0.0914899,1.2652523,-1.1801372,-0.0914376,1.2652597,-1.1801409,-0.0914825,1.2653046,-1.1801402,-0.0915198,1.2653195,-1.1801439,-0.0915647,1.2652822,-1.1801462,-0.0915497,1.2652448,-1.1801477,-0.0915198,1.2652523,-1.1801477,-0.0915348,1.265185,-1.1801462,-0.0914451,1.2651177,-1.1801439,-0.0913405,1.2651103,-1.1801424,-0.091318,1.26517,-1.1801335,-0.0913106,1.2650953,-1.1801312,-0.0912059,1.2650505,-1.1801282,-0.0911312,1.2651626,-1.18012,-0.091176,1.2651626,-1.1801185,-0.0911611,1.2652822,-1.1801125,-0.0912358,1.2652298,-1.1801148,-0.0911985,1.2651775,-1.180111,-0.0911088,1.2652298,-1.1801073,-0.0911312,1.2653494,-1.1801036,-0.0912283,1.2652896,-1.1801073,-0.0911985,1.2651626,-1.1800991,-0.0909817,1.2651999,-1.1800946,-0.0909817,1.2652298,-1.1800991,-0.0910639,1.2652822,-1.1800968,-0.0910938,1.2652896,-1.1800953,-0.0910938,1.2652896,-1.1800923,-0.0910639,1.2652149,-1.1800879,-0.0909443,1.2650131,-1.1800729,-0.0905781,1.265185,-1.1800677,-0.0907201,1.2652074,-1.1800654,-0.0907201,1.2652224,-1.1800684,-0.090765,1.2652971,-1.1800632,-0.0908023,1.2652971,-1.1800647,-0.0908173,1.2652822,-1.1800654,-0.0908098,1.2652896,-1.1800677,-0.0908397,1.2651775,-1.1800811,-0.0908247,1.2654316,-1.1800475,-0.0908098,1.2653494,-1.1800557,-0.0907948,1.2652971,-1.1800595,-0.0907724,1.2651925,-1.180055,-0.0906155,1.2651327,-1.180055,-0.0905482,1.26517,-1.1800497,-0.0905333,1.2649608,-1.1800759,-0.0905482,1.2649159,-1.1800744,-0.0904884,1.2650953,-1.1800535,-0.0904884,1.2650654,-1.1800572,-0.0904884,1.2650505,-1.1800654,-0.0905557,1.2650505,-1.180061,-0.0905108,1.2650729,-1.1800595,-0.0905183,1.2651999,-1.1800595,-0.0906603,1.2650804,-1.1800632,-0.0905631,1.2651551,-1.1800617,-0.0906304,1.2650953,-1.1800595,-0.0905407,1.2650579,-1.1800625,-0.0905333,1.2654242,-1.1800236,-0.0905706,1.2651252,-1.1800602,-0.0905856,1.2652896,-1.1800341,-0.0905258,1.2652822,-1.1800363,-0.0905333,1.2652298,-1.1800453,-0.0905557,1.2652149,-1.180052,-0.090608,1.2651626,-1.180055,-0.0905856,1.2651103,-1.180061,-0.0905706,1.2651103,-1.1800572,-0.0905407,1.2650878,-1.1800602,-0.0905407,1.2650579,-1.1800639,-0.0905482,1.2650654,-1.180061,-0.0905258,1.2649981,-1.180061,-0.090451,1.2650206,-1.180061,-0.0904735,1.2650056,-1.1800602,-0.090451,1.2651626,-1.180043,-0.0904735,1.2651028,-1.1800542,-0.0905108,1.2650878,-1.1800542,-0.0904884,1.2650953,-1.1800557,-0.0905108,1.2650505,-1.1800512,-0.0904211,1.2647739,-1.1800841,-0.0904211,1.264901,-1.1800669,-0.0903987,1.2650729,-1.1800468,-0.0904062,1.2650878,-1.1800483,-0.0904286,1.2652298,-1.1800303,-0.0904211,1.2652373,-1.1800296,-0.0904211,1.2652074,-1.1800311,-0.0904062,1.2651999,-1.1800258,-0.0903464,1.2651177,-1.1800146,-0.0901521,1.2652747,-1.1800094,-0.0902866,1.2653195,-1.1800094,-0.0903315,1.2653494,-1.1800154,-0.0904211,1.2652523,-1.1800273,-0.0904211,1.2651476,-1.1800385,-0.0904062,1.2651252,-1.180043,-0.0904211,1.2655064,-1.1800004,-0.0904585,1.2653494,-1.1800116,-0.0903838,1.2652373,-1.1800228,-0.0903613,1.2652896,-1.1799982,-0.0901894,1.2651925,-1.1799982,-0.0900923,1.2651551,-1.1799929,-0.0899951,1.2650953,-1.179984,-0.0898456,1.2653046,-1.179978,-0.090025,1.2653569,-1.1799728,-0.0900325,1.2653494,-1.1799743,-0.0900325,1.2653868,-1.179972,-0.0900624,1.2653943,-1.1799743,-0.0900848,1.2654167,-1.1799758,-0.0901222,1.265342,-1.1799743,-0.090025,1.2653793,-1.1799743,-0.0900699,1.265185,-1.1799675,-0.0898008,1.2651327,-1.1799653,-0.0897186,1.2652373,-1.1799563,-0.0897485,1.2652448,-1.1799541,-0.0897335,1.265327,-1.1799541,-0.0898232,1.2654017,-1.1799556,-0.0899204,1.2653121,-1.1799645,-0.0899129,1.2652523,-1.1799668,-0.0898606,1.2652597,-1.1799601,-0.0898157,1.2652747,-1.1799578,-0.0898083,1.2652822,-1.1799593,-0.0898307,1.2652822,-1.1799638,-0.0898681,1.2652149,-1.179978,-0.0899204,1.2652074,-1.1799765,-0.089898,1.2651775,-1.1799795,-0.089898,1.2652971,-1.179972,-0.0899577,1.2653195,-1.1799675,-0.0899428,1.2653121,-1.179972,-0.0899727,1.2653046,-1.1799728,-0.0899802,1.2652896,-1.1799758,-0.0899802,1.2653195,-1.1799728,-0.0899951,1.2652747,-1.1799743,-0.0899503,1.2652896,-1.1799758,-0.0899876,1.2652747,-1.1799728,-0.0899503,1.2652448,-1.179972,-0.089898,1.2652896,-1.1799675,-0.0899204,1.265327,-1.1799638,-0.0899204,1.265327,-1.179969,-0.0899652,1.2650953,-1.1799638,-0.0896663,1.2650878,-1.1799556,-0.0895766,1.2652074,-1.1799503,-0.0896588,1.2652822,-1.1799488,-0.0897335,1.2652822,-1.1799488,-0.0897335,1.2652672,-1.1799503,-0.089726,1.2652523,-1.1799488,-0.0896961,1.2652597,-1.1799466,-0.0896812,1.2652597,-1.1799474,-0.0896961,1.2652822,-1.1799466,-0.0897111,1.2653046,-1.1799429,-0.0896961,1.265327,-1.1799406,-0.0897036,1.2652747,-1.1799414,-0.0896513,1.2652597,-1.1799436,-0.0896513,1.2652672,-1.1799391,-0.0896214,1.2653195,-1.1799399,-0.0896887,1.2653345,-1.1799399,-0.0897036,1.265327,-1.1799406,-0.0897036,1.2653345,-1.1799399,-0.0897036,1.2652971,-1.1799406,-0.0896663,1.2652822,-1.1799444,-0.0896812,1.2653121,-1.1799406,-0.0896812,1.2652822,-1.1799429,-0.0896812,1.2653195,-1.1799414,-0.0897036,1.2653046,-1.1799414,-0.0896812,1.2653195,-1.1799406,-0.0896887,1.2653046,-1.1799406,-0.0896737,1.2653121,-1.1799406,-0.0896812,1.2653345,-1.1799354,-0.0896663,1.2653121,-1.1799361,-0.0896438,1.265342,-1.1799324,-0.0896513,1.265484,-1.179916,-0.0896513,1.2652672,-1.1799361,-0.089599,1.2650056,-1.1799675,-0.089599,1.2651103,-1.1799541,-0.089584,1.2651252,-1.1799526,-0.089599,1.2650131,-1.1799653,-0.089584,1.2650131,-1.179963,-0.0895616,1.2650953,-1.1799563,-0.089599,1.2650953,-1.1799601,-0.0896289,1.2654914,-1.179898,-0.0894943,1.2655438,-1.1798838,-0.0894196,1.2653121,-1.1799175,-0.0894719,1.2654167,-1.1799062,-0.0894869,1.2651402,-1.1799414,-0.0895093,1.2651999,-1.1799399,-0.0895541,1.26517,-1.1799414,-0.0895467,1.2651252,-1.1799361,-0.0894346,1.265185,-1.1799346,-0.0894943,1.2651775,-1.1799376,-0.0895168,1.2651476,-1.1799376,-0.0894869,1.2651999,-1.1799279,-0.0894495,1.2651551,-1.1799302,-0.0894196,1.2647365,-1.1799832,-0.089442,1.2652448,-1.1799189,-0.0894121,1.2652822,-1.1799212,-0.0894719,1.2653046,-1.1799189,-0.0894794,1.265028,-1.1799518,-0.0894794,1.2649832,-1.1799488,-0.0894047,1.2649383,-1.1799488,-0.0893523,1.265028,-1.1799451,-0.0894121,1.2650131,-1.1799466,-0.0894196,1.265043,-1.1799451,-0.0894271,1.2650131,-1.1799429,-0.0893748,1.265028,-1.1799391,-0.0893523,1.265028,-1.1799391,-0.0893523,1.2649383,-1.1799339,-0.0892178,1.2649981,-1.1799339,-0.0892776,1.2650131,-1.1799324,-0.0892776,1.265028,-1.1799317,-0.0892925,1.2650878,-1.1799294,-0.0893374,1.2650953,-1.1799324,-0.0893748,1.2651103,-1.1799294,-0.0893598,1.2650355,-1.1799339,-0.0893224,1.2650878,-1.1799302,-0.0893449,1.2651028,-1.1799294,-0.0893523,1.2650878,-1.1799287,-0.0893299,1.2650654,-1.1799302,-0.089315,1.2651103,-1.1799249,-0.0893224,1.2650505,-1.1799302,-0.0893,1.2650878,-1.1799272,-0.089315,1.2650505,-1.1799264,-0.0892701,1.2650729,-1.1799272,-0.0893,1.2650654,-1.1799264,-0.0892851,1.2650804,-1.1799242,-0.0892776,1.2651327,-1.1799204,-0.0893,1.2651028,-1.1799249,-0.0893075,1.2650579,-1.1799279,-0.0892851,1.2650953,-1.1799212,-0.0892701,1.265043,-1.1799227,-0.0892253,1.2651103,-1.1799197,-0.0892701,1.2650953,-1.1799204,-0.0892626,1.2650729,-1.1799219,-0.0892477,1.2651177,-1.1799204,-0.0892851,1.2650804,-1.1799219,-0.0892626,1.2650505,-1.1799227,-0.0892402,1.2649533,-1.1799175,-0.0890833
2020-09-27.out.4,0.0,1.2650131,-1.1799137,-0.0891057,1.265028,-1.1799115,-0.0891057,1.2650355,-1.179913,-0.0891206,1.2650355,-1.179913,-0.0891281,1.2650206,-1.1799137,-0.0891206,1.2650056,-1.1799137,-0.0890982,1.2650505,-1.179913,-0.0891431,1.2650579,-1.17991,-0.0891281,1.2650355,-1.1799122,-0.0891206,1.2650878,-1.1799018,-0.0890833,1.2650654,-1.1799003,-0.0890459,1.2650804,-1.1798973,-0.089031,1.2650729,-1.1798973,-0.0890235,1.2650729,-1.1798973,-0.0890235,1.2650505,-1.1798988,-0.0890085,1.2651028,-1.1798988,-0.0890758,1.2649533,-1.179916,-0.0890608,1.2648561,-1.1799227,-0.089016,1.2652298,-1.1798816,-0.0890534,1.265185,-1.1798853,-0.089031,1.2652224,-1.1798778,-0.0890085,1.2652523,-1.1798778,-0.0890459,1.2652149,-1.1798786,-0.0890085,1.2649682,-1.1799062,-0.0889936,1.2652224,-1.1798816,-0.0890384,1.2652896,-1.1798763,-0.0890683,1.2652523,-1.1798756,-0.0890235,1.2652672,-1.1798726,-0.0890085,1.2652597,-1.1798696,-0.0889786,1.2653121,-1.1798659,-0.0890085,1.2652448,-1.1798726,-0.0889861,1.2652971,-1.1798749,-0.0890608,1.2652373,-1.1798749,-0.0890011,1.2652896,-1.1798704,-0.0890085,1.2652597,-1.1798689,-0.0889712,1.2653345,-1.1798629,-0.0890011,1.2652672,-1.1798674,-0.0889637,1.2652149,-1.1798636,-0.088874,1.2652747,-1.1798659,-0.0889562,1.2653345,-1.1798614,-0.0889786,1.2652971,-1.1798636,-0.0889637,1.2652896,-1.1798651,-0.0889712,1.265327,-1.1798636,-0.0890011,1.2652523,-1.1798577,-0.088859,1.2652672,-1.1798584,-0.0888815,1.2652896,-1.1798577,-0.0888889,1.265342,-1.1798577,-0.0889562,1.2651775,-1.1798562,-0.0887619,1.2652672,-1.1798539,-0.0888366,1.2652747,-1.1798502,-0.0888067,1.2653121,-1.1798435,-0.0887993,1.2653121,-1.1798435,-0.0887918,1.2653345,-1.179845,-0.0888291,1.2653195,-1.1798487,-0.0888441,1.265327,-1.1798487,-0.0888516,1.2653121,-1.1798472,-0.0888291,1.2653121,-1.1798479,-0.0888291,1.2652971,-1.1798435,-0.0887843,1.2653345,-1.1798465,-0.0888441,1.2653718,-1.1798412,-0.0888441,1.265327,-1.1798465,-0.0888366,1.2653345,-1.1798427,-0.0888067,1.2652822,-1.1798427,-0.0887469,1.2652896,-1.1798412,-0.0887395,1.2652597,-1.1798397,-0.0887021,1.2653046,-1.1798322,-0.0886797,1.2652896,-1.1798375,-0.0887096,1.2653345,-1.1798337,-0.0887245,1.2652971,-1.1798337,-0.0886871,1.2653345,-1.1798337,-0.0887245,1.265342,-1.1798352,-0.0887469,1.265327,-1.1798337,-0.088717,1.2653494,-1.17983,-0.0887096,1.2653345,-1.1798278,-0.0886722,1.265327,-1.1798285,-0.0886647,1.2652597,-1.1798248,-0.0885601,1.2652822,-1.1798248,-0.0885825,1.2653121,-1.179821,-0.0885825,1.2652971,-1.1798188,-0.0885451,1.2652373,-1.1798158,-0.0884554,1.2652971,-1.1798098,-0.0884629,1.2653195,-1.1798113,-0.0885003,1.2652896,-1.1798083,-0.0884405,1.2653121,-1.1798061,-0.088448,1.2654017,-1.1798046,-0.0885377,1.2653345,-1.1798083,-0.0884928,1.2653569,-1.1798076,-0.0885078,1.2653793,-1.1798083,-0.0885451,1.2653494,-1.1798083,-0.0885078,1.2653569,-1.1798098,-0.0885302,1.2653569,-1.1798046,-0.0884853,1.2653644,-1.1798031,-0.0884779,1.2650056,-1.1798435,-0.0884554,1.2654466,-1.1797956,-0.0885003,1.2654391,-1.1797949,-0.0884853,1.2653868,-1.1797934,-0.0884181,1.2654316,-1.1797919,-0.088448,1.2653943,-1.1797956,-0.088448,1.2654017,-1.1797949,-0.0884405,1.2653943,-1.1797949,-0.088433,1.2654914,-1.1797896,-0.0885003,1.2654466,-1.1797934,-0.0884853,1.2654391,-1.1797949,-0.0884779,1.2654316,-1.1797964,-0.0884853,1.2654765,-1.1797919,-0.0885003,1.2654092,-1.1797971,-0.0884779,1.2654615,-1.1797949,-0.0885078,1.2654466,-1.1797949,-0.0884853,1.2654541,-1.1797949,-0.0885003,1.2654541,-1.1797934,-0.0884853,1.265469,-1.1797949,-0.0885078,1.2654541,-1.1797911,-0.0884629,1.2654615,-1.1797896,-0.0884629,1.265342,-1.1797867,-0.088306,1.2652298,-1.1797769,-0.0880892,1.2652896,-1.1797725,-0.0881116,1.2653718,-1.179768,-0.0881565,1.2653943,-1.1797657,-0.088164,1.2654092,-1.1797657,-0.0881789,1.2654092,-1.1797657,-0.0881864,1.2654092,-1.1797657,-0.0881864,1.2654391,-1.1797672,-0.0882237,1.2654017,-1.1797687,-0.0881938,1.2653868,-1.179765,-0.088149,1.2654316,-1.1797635,-0.0881864,1.2653943,-1.179765,-0.0881565,1.2654316,-1.1797627,-0.0881789,1.2654466,-1.179765,-0.0882163,1.2654167,-1.179762,-0.0881565,1.2653943,-1.1797642,-0.0881565,1.2654316,-1.1797605,-0.0881565,1.2654092,-1.1797605,-0.0881341,1.2654765,-1.1797605,-0.0882088,1.2654316,-1.179762,-0.0881714,1.265469,-1.1797605,-0.0882013,1.265484,-1.1797635,-0.0882387,1.2654391,-1.179765,-0.0882088,1.2653943,-1.1797627,-0.0881415,1.2654391,-1.1797605,-0.0881714,1.2653569,-1.1797635,-0.0881042,1.2653569,-1.1797568,-0.0880369,1.2654167,-1.1797545,-0.0880892,1.2655064,-1.1797508,-0.088149,1.265484,-1.179753,-0.088149,1.2654391,-1.1797545,-0.0881116,1.2654765,-1.1797545,-0.088149,1.2654242,-1.1797538,-0.0880967,1.2654466,-1.1797545,-0.0881191,1.2653943,-1.1797523,-0.0880444,1.2654615,-1.1797493,-0.0880892,1.2654615,-1.1797478,-0.0880743,1.2654316,-1.179747,-0.0880294,1.2654765,-1.179747,-0.0880817,1.2655213,-1.1797433,-0.0880967,1.265469,-1.1797418,-0.0880294,1.2654316,-1.1797433,-0.0879995,1.2654765,-1.1797373,-0.0879995,1.2654615,-1.1797418,-0.0880219,1.2655064,-1.1797426,-0.0880743,1.2654914,-1.1797418,-0.0880518,1.2654615,-1.1797426,-0.0880294,1.2653345,-1.1797396,-0.0878575,1.2654316,-1.1797306,-0.0878799,1.2654466,-1.1797291,-0.0878799,1.2654615,-1.1797284,-0.0878949,1.2654242,-1.1797291,-0.087865,1.265484,-1.1797269,-0.0879024,1.265484,-1.1797276,-0.0879098,1.265484,-1.1797306,-0.0879397,1.2654989,-1.1797306,-0.0879621,1.2654316,-1.1797336,-0.0879024,1.265327,-1.1797321,-0.0877753,1.2653793,-1.1797261,-0.0877828,1.2654167,-1.1797186,-0.0877529,1.2653046,-1.1797209,-0.0876557,1.2654092,-1.1797171,-0.0877305,1.2653644,-1.1797134,-0.0876482,1.2654391,-1.1797082,-0.0876856,1.265484,-1.1797074,-0.087723,1.2654989,-1.1797097,-0.0877603,1.2654914,-1.1797127,-0.0877753,1.2655213,-1.1797127,-0.0878201,1.2655288,-1.1797134,-0.0878276,1.2655438,-1.1797127,-0.0878426,1.2655288,-1.1797171,-0.0878575,1.2654914,-1.1797157,-0.0878052,1.2655064,-1.1797157,-0.0878276,1.2648935,-1.1797844,-0.0877902,1.2653046,-1.1797171,-0.0876183,1.2653793,-1.1797157,-0.0876856,1.265469,-1.1797082,-0.0877155,1.265469,-1.1797112,-0.0877379,1.2655139,-1.1797097,-0.0877828,1.2654466,-1.1797134,-0.0877379,1.2654316,-1.1797134,-0.087723,1.2654242,-1.1797082,-0.0876707,1.2654391,-1.1797082,-0.0876856,1.2654167,-1.1797082,-0.0876632,1.2654167,-1.1797067,-0.0876408,1.2653494,-1.1797029,-0.0875436,1.2654242,-1.1796962,-0.0875511,1.2655288,-1.1796932,-0.0876482,1.2654391,-1.1796962,-0.087566,1.265469,-1.1796985,-0.0876258,1.2654541,-1.1796955,-0.0875884,1.2654615,-1.1796955,-0.0875959,1.2654615,-1.1796955,-0.0875959,1.2654316,-1.1796955,-0.0875585,1.2654765,-1.1796932,-0.0875884,1.2654017,-1.179694,-0.0875212,1.2654316,-1.1796917,-0.0875212,1.2653943,-1.1796895,-0.0874614,1.2654316,-1.1796917,-0.0875287,1.2654391,-1.179688,-0.0874988,1.2653793,-1.1796805,-0.0873642,1.2653793,-1.1796783,-0.0873418,1.2654092,-1.1796768,-0.0873567,1.2654466,-1.1796738,-0.0873792,1.2654989,-1.1796716,-0.0874091,1.2654092,-1.179679,-0.0873866,1.2654615,-1.1796738,-0.0873941,1.2654989,-1.1796738,-0.087439,1.2651402,-1.1797134,-0.0874016,1.2656633,-1.1796566,-0.0874539,1.2653943,-1.1796745,-0.0873194,1.2651177,-1.1797097,-0.0873418,1.2654914,-1.1796693,-0.0873792,1.2654017,-1.1796753,-0.0873418,1.2654316,-1.1796768,-0.0873866,1.2652971,-1.1796865,-0.0873268,1.2653345,-1.1796843,-0.0873493,1.2653345,-1.1796828,-0.0873343,1.2652971,-1.1796858,-0.0873194,1.265327,-1.179679,-0.087297,1.2653345,-1.1796805,-0.0873194,1.2653494,-1.1796708,-0.0872372,1.2650804,-1.1796783,-0.0870129,1.2651999,-1.1796805,-0.0871699,1.2651177,-1.1796843,-0.0871101,1.2651402,-1.179682,-0.0871101,1.2651775,-1.1796828,-0.0871624,1.2651103,-1.1796932,-0.0871774,1.2650654,-1.1797022,-0.0872147,1.2650579,-1.1797097,-0.0872745,1.265028,-1.1797134,-0.0872745,1.2649907,-1.1797007,-0.0871176,1.2650654,-1.179694,-0.08714,1.2652896,-1.1796708,-0.0871774,1.2652523,-1.1796693,-0.0871176,1.2654466,-1.1796476,-0.0871325,1.2655662,-1.1796282,-0.0870877,1.2656708,-1.1796177,-0.0871101,1.2654765,-1.1796402,-0.0871026,1.2653793,-1.1796417,-0.086998,1.2652896,-1.1796566,-0.0870428,1.2652672,-1.1796581,-0.0870279,1.2654615,-1.1796379,-0.0870653,1.2654765,-1.1796364,-0.0870653,1.2654615,-1.1796379,-0.0870578,1.2654615,-1.1796312,-0.0870055,1.265484,-1.1796304,-0.0870204,1.2655213,-1.179629,-0.0870428,1.2655587,-1.1796282,-0.0870727,1.2654765,-1.1796267,-0.0869756,1.2654092,-1.179629,-0.0869158,1.2654391,-1.1796215,-0.0868859,1.2653943,-1.1796252,-0.0868709,1.2655512,-1.1796215,-0.0870055,1.2655139,-1.17962,-0.0869457,1.2655512,-1.1796215,-0.0870055,1.2655512,-1.1796215,-0.0870055,1.2655961,-1.17962,-0.0870428,1.2655662,-1.179623,-0.0870354,1.2655662,-1.1796222,-0.0870354,1.2654316,-1.1796237,-0.0869008,1.2654765,-1.1796237,-0.0869457,1.265469,-1.1796222,-0.0869232,1.2654316,-1.1796237,-0.0869008,1.2653943,-1.1796162,-0.0867887,1.2654242,-1.1796125,-0.0867887,1.265484,-1.1796125,-0.086856,1.2655139,-1.1796125,-0.0868859,1.2654989,-1.1796125,-0.0868635,1.2655064,-1.179611,-0.0868635,1.2655139,-1.1796133,-0.0868933,1.2654989,-1.179611,-0.086856,1.2653943,-1.1796103,-0.0867289,1.2654466,-1.1796043,-0.0867364,1.265469,-1.1796035,-0.0867588,1.2654167,-1.1796013,-0.0866766,1.2654391,-1.1796013,-0.086699,1.2654989,-1.1796028,-0.0867738,1.2655438,-1.1796035,-0.086841,1.2654466,-1.1796058,-0.0867513,1.2654092,-1.1796006,-0.0866542,1.2654316,-1.1795953,-0.0866318,1.2654391,-1.1795931,-0.0866243,1.265469,-1.1795938,-0.0866617,1.265469,-1.1795946,-0.0866691,1.2654989,-1.1795923,-0.0866766,1.2654615,-1.1795916,-0.0866318,1.265484,-1.1795916,-0.0866542,1.265484,-1.1795931,-0.0866766,1.265484,-1.1795931,-0.0866766,1.265484,-1.1795916,-0.0866542,1.2654765,-1.1795893,-0.0866318,1.2654316,-1.1795901,-0.0865794,1.2654466,-1.1795864,-0.086572,1.265484,-1.1795871,-0.0866168,1.2654914,-1.1795878,-0.0866318,1.2653569,-1.1795849,-0.0864524,1.265484,-1.1795826,-0.086572,1.2655213,-1.1795834,-0.0866243,1.2655213,-1.1795849,-0.0866392,1.2654615,-1.1795893,-0.0866168,1.2654092,-1.1795878,-0.0865421,1.2654316,-1.1795856,-0.0865421,1.2654615,-1.1795864,-0.0865869,1.2655064,-1.1795834,-0.0866019,1.2654541,-1.1795834,-0.0865495,1.2654765,-1.1795811,-0.0865495,1.2655213,-1.1795811,-0.0866093,1.2654765,-1.1795849,-0.0865869,1.265469,-1.1795834,-0.0865645,1.2654466,-1.1795826,-0.0865346,1.2653494,-1.1795781,-0.0863851,1.2654092,-1.1795707,-0.0863851,1.2646244,-1.1796589,-0.0863328,1.2652971,-1.1795751,-0.0863029,1.2654615,-1.1795729,-0.0864598,1.2654316,-1.1795699,-0.0864075,1.2654541,-1.1795714,-0.0864449,1.2654017,-1.1795722,-0.0863926,1.2653195,-1.1795662,-0.0862356,1.2654017,-1.1795624,-0.0862954,1.2654391,-1.1795639,-0.0863477,1.2654391,-1.1795669,-0.0863776,1.2654242,-1.1795662,-0.0863552,1.2654541,-1.1795632,-0.0863627,1.2654615,-1.1795639,-0.0863851,1.2654017,-1.1795662,-0.0863328,1.2654541,-1.1795624,-0.0863552,1.2653569,-1.1795654,-0.0862805,1.2651551,-1.1795624,-0.0860263,1.2653644,-1.1795617,-0.0862506,1.2654167,-1.1795557,-0.0862506,1.2653718,-1.179555,-0.0861983,1.2654017,-1.1795572,-0.0862506,1.2652822,-1.179552,-0.0860712,1.2652747,-1.1795512,-0.0860562,1.2653644,-1.1795475,-0.086116,1.2654017,-1.1795423,-0.086116,1.2654017,-1.179546,-0.0861459,1.2654242,-1.179546,-0.0861684,1.2654092,-1.1795482,-0.0861833,1.2653793,-1.1795497,-0.0861609,1.2654167,-1.1795512,-0.0862057,1.2654092,-1.1795512,-0.0861983,1.2654167,-1.1795527,-0.0862282,1.2654316,-1.1795512,-0.0862207,1.2654466,-1.1795497,-0.0862282,1.2654466,-1.1795497,-0.0862282,1.2653494,-1.1795497,-0.0861235,1.2653494,-1.1795415,-0.0860413,1.265327,-1.179546,-0.0860637,1.2654167,-1.1795452,-0.0861534,1.2653943,-1.1795445,-0.0861235,1.2654017,-1.1795437,-0.086131,1.2654242,-1.179543,-0.0861459,1.2654017,-1.1795445,-0.0861385,1.2653644,-1.1795437,-0.0860861,1.2653345,-1.1795385,-0.0860039,1.2653793,-1.1795385,-0.0860562,1.2653868,-1.1795363,-0.0860413,1.2653345,-1.179537,-0.085989,1.2652896,-1.1795295,-0.0858694,1.2652074,-1.1795251,-0.0857349,1.2653195,-1.1795221,-0.0858395,1.2654466,-1.1795198,-0.0859516,1.2654391,-1.1795213,-0.0859591,1.2654316,-1.1795251,-0.0859815,1.2653345,-1.1795273,-0.0858993,1.265342,-1.1795221,-0.0858694,1.2652822,-1.1795221,-0.0858021,1.2653644,-1.1795198,-0.0858694,1.2654167,-1.1795161,-0.0858843,1.2653569,-1.1795131,-0.0858021,1.2653868,-1.1795131,-0.085832,1.2654242,-1.1795124,-0.0858619,1.2653345,-1.1795109,-0.0857423,1.2653793,-1.1795086,-0.0857797,1.2654615,-1.1795049,-0.0858245,1.2654242,-1.1795086,-0.0858245,1.2653793,-1.1795094,-0.0857872,1.2654242,-1.1795034,-0.0857797,1.2654391,-1.1795056,-0.0858171,1.2654316,-1.1795086,-0.085832,1.2653868,-1.1795109,-0.0858021,1.2653644,-1.1795071,-0.0857498,1.2653943,-1.1795049,-0.0857573,1.2653943,-1.1795049,-0.0857573,1.2654092,-1.1795011,-0.0857423,1.2653121,-1.1795049,-0.0856676,1.2654092,-1.1794959,-0.0856975,1.2653494,-1.1794974,-0.0856452,1.2654167,-1.1794944,-0.08569,1.2653718,-1.1794959,-0.0856526,1.2652672,-1.1794922,-0.0854957,1.2650505,-1.1794802,-0.0851519,1.2653569,-1.1794653,-0.0853537,1.2653046,-1.1794608,-0.0852565,1.2654242,-1.1794578,-0.0853612,1.2654017,-1.1794608,-0.0853612,1.265342,-1.1794593,-0.0852864,1.2653793,-1.1794593,-0.0853238,1.2654391,-1.1794608,-0.0853985,1.2652971,-1.179463,-0.085264,1.2653569,-1.179463,-0.0853313,1.2653868,-1.1794608,-0.0853387,1.2652822,-1.1794593,-0.0852117,1.2651925,-1.1794556,-0.0850846,1.2653345,-1.1794526,-0.0852117,1.2653718,-1.1794518,-0.0852416,1.2654017,-1.1794548,-0.0853163,1.2654391,-1.1794541,-0.0853387,1.2654466,-1.1794518,-0.0853313,1.2654615,-1.1794518,-0.0853462,1.2653793,-1.1794503,-0.085249,1.2654914,-1.1794503,-0.0853686,1.2654391,-1.1794533,-0.0853313,1.2654615,-1.1794533,-0.0853612,1.2654017,-1.1794556,-0.0853088,1.2654466,-1.1794556,-0.0853686,1.2654092,-1.1794548,-0.0853163,1.2654466,-1.1794563,-0.0853686,1.2655512,-1.1794481,-0.085406,1.265469,-1.1794481,-0.0853238,1.2654391,-1.1794466,-0.0852789,1.2651327,-1.1794391,-0.0848604,1.2653569,-1.1794294,-0.0850248,1.2653943,-1.1794361,-0.0851295,1.2654615,-1.1794331,-0.0851668,1.2654466,-1.1794376,-0.0851967,1.2654017,-1.1794406,-0.0851743,1.2654242,-1.1794391,-0.0851892,1.2652822,-1.1794414,-0.0850472,1.2651476,-1.1794242,-0.0847408,1.2652971,-1.1794219,-0.0848828,1.2651925,-1.1794421,-0.0849575,1.2653345,-1.1794167,-0.0848828,1.2652896,-1.179413,-0.0848006,1.2653121,-1.1794107,-0.0848006,1.265185,-1.1794017,-0.0845764,1.2653121,-1.1793943,-0.0846436,1.2652523,-1.179389,-0.0845315,1.2653569,-1.1793883,-0.0846362,1.2652896,-1.1793853,-0.084539,1.2655213,-1.1793868,-0.0848081,1.2654615,-1.179392,-0.0847931,1.2654466,-1.1793995,-0.0848454,1.2654615,-1.1794017,-0.0848828,1.2654541,-1.1794017,-0.0848753,1.2654391,-1.179404,-0.0848753,1.2654391,-1.1794062,-0.0848978,1.2655213,-1.1794055,-0.08498,1.2654615,-1.1794077,-0.0849351,1.2651775,-1.1794055,-0.0845988,1.2652448,-1.1793875,-0.0845166,1.2651626,-1.1793853,-0.0844045,1.2653345,-1.1793816,-0.0845539,1.2652971,-1.1793831,-0.0845315,1.2652896,-1.1793853,-0.084539,1.2654316,-1.1793816,-0.0846586,1.2653644,-1.1793816,-0.0845838,1.2654167,-1.1793801,-0.0846362,1.2654541,-1.1793838,-0.0847109,1.2654391,-1.179389,-0.0847408,1.2654092,-1.179389,-0.0847034,1.2653793,-1.1793868,-0.0846586,1.2653868,-1.1793875,-0.0846661,1.2652373,-1.1793838,-0.0844717,1.2653046,-1.1793831,-0.084539,1.2653793,-1.1793763,-0.0845539,1.2653718,-1.1793748,-0.084539,1.2653494,-1.1793689,-0.0844568,1.2653718,-1.1793689,-0.0844867,1.2653046,-1.1793674,-0.084397,1.2654167,-1.1793636,-0.0844792,1.2650878,-1.1793689,-0.0841653,1.2653046,-1.1793636,-0.0843596,1.2652448,-1.1793591,-0.084255,1.2654092,-1.1793539,-0.084382,1.2653943,-1.1793547,-0.084382,1.265469,-1.1793524,-0.0844418,1.2654316,-1.1793539,-0.0844045,1.2654017,-1.1793576,-0.0844119,1.2654242,-1.1793576,-0.0844344,1.2654541,-1.1793561,-0.0844568,1.2653943,-1.1793547,-0.084382,1.2654466,-1.1793539,-0.0844269,1.2654466,-1.1793547,-0.0844344,1.2654615,-1.1793576,-0.0844717,1.265327,-1.1793576,-0.0843297,1.2653345,-1.1793561,-0.0843222,1.2654017,-1.1793547,-0.084382,1.2654391,-1.1793547,-0.0844269,1.2654242,-1.1793561,-0.0844194,1.2654989,-1.1793397,-0.0843521,1.2652448,-1.1793711,-0.0843596,1.2655064,-1.1793449,-0.0844119,1.2654615,-1.1793464,-0.0843671,1.2654765,-1.1793449,-0.0843746,1.2653868,-1.1793472,-0.0842998,1.2654242,-1.1793412,-0.0842849,1.2654541,-1.1793427,-0.0843222,1.2654615,-1.1793434,-0.0843447,1.265342,-1.1793427,-0.0842101,1.2652224,-1.1793352,-0.0840009,1.2654391,-1.1793277,-0.0841802,1.2653868,-1.17933,-0.0841429,1.2653345,-1.1793285,-0.0840681,1.2654167,-1.1793248,-0.0841204,1.2653046,-1.1793225,-0.0839784,1.2653494,-1.1793233,-0.0840457,1.2653494,-1.1793195,-0.0840083,1.2654242,-1.1793195,-0.0840905,1.2654167,-1.179318,-0.0840607,1.2654316,-1.1793173,-0.0840681,1.2654391,-1.1793173,-0.0840756,1.2655438,-1.1793173,-0.0841952,1.2654541,-1.1793158,-0.0840831,1.2654765,-1.1793188,-0.0841279,1.2650953,-1.1793143,-0.083672,1.2652672,-1.1792956,-0.0836944,1.2654316,-1.1792919,-0.0838364,1.2654466,-1.1792978,-0.0839037,1.2654989,-1.1792986,-0.083971,1.2654615,-1.1793046,-0.0839859,1.2653793,-1.1792926,-0.0837916,1.2653644,-1.1792919,-0.0837617,1.2654316,-1.1792874,-0.0837916,1.2655288,-1.1792881,-0.0839037,1.2654167,-1.1792919,-0.0838215,1.265028,-1.1792881,-0.0833581,1.2650953,-1.1792754,-0.0833207,1.2652971,-1.1792635,-0.0834254,1.2652597,-1.1792605,-0.0833581,1.2653718,-1.1792567,-0.0834552,1.2654092,-1.1792567,-0.0834926,1.2654466,-1.179256,-0.0835225,1.2655139,-1.1792605,-0.0836421,1.2654615,-1.1792635,-0.0836047,1.2655064,-1.179262,-0.0836421,1.2654615,-1.1792672,-0.0836346,1.2654167,-1.1792642,-0.0835674,1.2654316,-1.1792657,-0.0835973,1.2654092,-1.1792605,-0.08353,1.2655139,-1.1792597,-0.0836346,1.265484,-1.179265,-0.0836496,1.265469,-1.179268,-0.083657,1.2654615,-1.1792724,-0.0836869,1.2644974,-1.1793801,-0.0836197,1.265342,-1.1792582,-0.0834328,1.265469,-1.1792552,-0.0835375,1.2654466,-1.1792508,-0.0834702,1.2654466,-1.1792508,-0.0834702,1.2653121,-1.179241,-0.0832385,1.265469,-1.1792403,-0.0834029,1.265484,-1.1792433,-0.0834403,1.2654541,-1.179247,-0.0834478,1.265469,-1.1792433,-0.0834328,1.2654914,-1.1792381,-0.0834104,1.2654615,-1.1792418,-0.0834104,1.2653494,-1.1792455,-0.0833207,1.2653195,-1.1792448,-0.0832833,1.2653195,-1.1792328,-0.0831712,1.2654914,-1.1792194,-0.0832385,1.2654167,-1.1792194,-0.0831488,1.2652896,-1.1792396,-0.0832011,1.2656484,-1.1792044,-0.0832684,1.2652597,-1.1791992,-0.08279,1.2653644,-1.1791738,-0.0826779,1.2654316,-1.1791738,-0.0827527,1.2655064,-1.1791805,-0.0828872,1.2654167,-1.1791969,-0.082947,1.2652896,-1.1792067,-0.0828872,1.2652971,-1.1792082,-0.0829171,1.2647814,-1.1792119,-0.0823864,1.2651775,-1.1792104,-0.082805,1.2653121,-1.1792156,-0.0830068,1.2651551,-1.1792179,-0.0828498,1.2651999,-1.1792126,-0.0828498,1.2652896,-1.1791992,-0.0828274,1.2652523,-1.1792104,-0.0828872,1.2652971,-1.1792067,-0.0829022,1.265185,-1.1792089,-0.0827975,1.2651252,-1.1792246,-0.0828723,1.2650505,-1.1792268,-0.0828125,1.2650878,-1.1792291,-0.0828797,1.2652298,-1.1792194,-0.0829395,1.2652448,-1.1792179,-0.082947,1.2652747,-1.1792179,-0.0829844,1.2652074,-1.1792216,-0.0829395,1.2651925,-1.1792216,-0.0829321,1.2650355,-1.1792216,-0.0827527,1.2651103,-1.1792052,-0.0826854,1.2653644,-1.1791753,-0.0826854,1.2654092,-1.1791775,-0.0827602,1.2653046,-1.1791738,-0.0826107,1.2654316,-1.17917,-0.0827153,1.2654242,-1.1791723,-0.0827303,1.2654316,-1.1791753,-0.0827676,1.2654316,-1.1791775,-0.08279,1.2653121,-1.1791887,-0.0827602,1.265327,-1.1791887,-0.0827676,1.2652373,-1.1792029,-0.082805,1.2652597,-1.1791962,-0.0827676,1.265185,-1.1791887,-0.0826181,1.2651551,-1.179179,-0.0824836,1.2651327,-1.1791723,-0.0824089,1.2652298,-1.1791678,-0.0824687,1.2652074,-1.1791648,-0.0824163,1.2652224,-1.1791663,-0.0824462,1.2652597,-1.1791648,-0.0824761,1.2653046,-1.1791678,-0.0825509,1.265342,-1.1791678,-0.0825882,1.2652373,-1.17917,-0.0824986,1.2652224,-1.1791723,-0.0824986,1.265185,-1.1791693,-0.0824313,1.2653121,-1.1791693,-0.0825733,1.2652597,-1.1791678,-0.0824986,1.2652448,-1.1791685,-0.0824911,1.2652448,-1.1791633,-0.0824462,1.2651028,-1.1791596,-0.0822594,1.2651103,-1.1791401,-0.08208,1.2652298,-1.1791387,-0.0821996,1.2650355,-1.1791342,-0.0819455,1.2649981,-1.1791132,-0.0817138,1.2654391,-1.1790938,-0.0820127,1.2658203,-1.1790706,-0.0822295,1.2653195,-1.1791125,-0.0820576,1.2652298,-1.1791237,-0.0820576,1.2654989,-1.1791035,-0.0821772,1.2654167,-1.179111,-0.0821547,1.2654092,-1.1791065,-0.0821024,1.2652298,-1.1791058,-0.0819006,1.2653046,-1.1790923,-0.0818558,1.2651626,-1.1790736,-0.0815269,1.2655438,-1.1790579,-0.0818035,1.2647963,-1.1790886,-0.0812579,1.2650878,-1.1790811,-0.081512,1.2649608,-1.1790669,-0.0812429,1.2651476,-1.1790579,-0.08137,1.2652298,-1.1790624,-0.081497,1.2652448,-1.1790624,-0.081512,1.2652149,-1.1790632,-0.0814895,1.2650878,-1.1790654,-0.08137,1.2651177,-1.1790632,-0.0813849,1.2652448,-1.1790609,-0.081497,1.2652298,-1.1790624,-0.081497,1.2651999,-1.1790662,-0.081497,1.2650729,-1.1790691,-0.0813924,1.2649458,-1.1790669,-0.081228,1.265028,-1.1790542,-0.0812055,1.2651327,-1.179049,-0.0812728,1.2651327,-1.1790445,-0.0812205,1.2652298,-1.1790445,-0.0813326,1.2650878,-1.1790415,-0.0811457,1.2652074,-1.1790392,-0.0812579,1.2652149,-1.1790407,-0.0812803,1.2652747,-1.1790407,-0.0813475,1.2642732,-1.1791663,-0.0813924,1.2653718,-1.1790325,-0.0813849,1.2653195,-1.179034,-0.0813401,1.2653569,-1.179034,-0.0813849,1.2653644,-1.1790355,-0.0813999,1.2653793,-1.1790333,-0.0813924,1.2653644,-1.1790355,-0.0813999,1.2653793,-1.1790355,-0.0814148,1.2653943,-1.1790355,-0.0814372,1.2655064,-1.1790228,-0.0814372,1.2654765,-1.1790295,-0.0814671,1.2654765,-1.179034,-0.081512,1.2654242,-1.1790325,-0.0814372,1.2654541,-1.1790303,-0.0814522,1.2653046,-1.1790295,-0.0812728,1.2652747,-1.1790206,-0.0811607,1.265327,-1.1790138,-0.0811607,1.2654017,-1.1790153,-0.0812504,1.2654391,-1.1790138,-0.0812803,1.2653494,-1.1790131,-0.0811756,1.265469,-1.1790176,-0.0813475,1.265469,-1.1790168,-0.0813401,1.2654242,-1.1790191,-0.0813102,1.2654989,-1.1790228,-0.0814298,1.265484,-1.1790235,-0.0814223,1.2654765,-1.1790258,-0.0814372,1.265469,-1.1790265,-0.0814372,1.2654615,-1.179028,-0.0814372,1.2654017,-1.1790295,-0.0813849,1.265327,-1.1790265,-0.0812728,1.2653345,-1.1790243,-0.0812579,1.2653868,-1.1790206,-0.0812803,1.2653718,-1.1790206,-0.0812728,1.2653644,-1.1790206,-0.0812579,1.2653569,-1.1790138,-0.0811981,1.2654167,-1.1790138,-0.0812579,1.2653868,-1.1790138,-0.081228,1.2653943,-1.1790131,-0.081228,1.2654167,-1.1790138,-0.0812579,1.2652896,-1.1790086,-0.081071,1.2652896,-1.1790026,-0.0810187,1.2653195,-1.1789951,-0.0809813,1.2647814,-1.179049,-0.0808841,1.2654541,-1.1789787,-0.0809738,1.2654914,-1.1789787,-0.0810187,1.2651252,-1.1790258,-0.0810411,1.2653943,-1.1789966,-0.0810785,1.2654092,-1.1789974,-0.0811009,1.2653943,-1.1789989,-0.0811009,1.2653793,-1.1790019,-0.0811009,1.2653644,-1.1789989,-0.0810635,1.2652971,-1.1790019,-0.0810112,1.2653494,-1.1789989,-0.0810411,1.265342,-1.1789974,-0.0810262,1.2653195,-1.1789981,-0.0810037,1.2652971,-1.1789966,-0.0809664,1.2653569,-1.1789966,-0.0810336,1.265342,-1.1789937,-0.0809963,1.2652822,-1.1789914,-0.0808991,1.2652971,-1.1789877,-0.0808841,1.2653644,-1.1789877,-0.0809589,1.2652672,-1.1789839,-0.0808244,1.2653195,-1.1789862,-0.0808991,1.2653046,-1.1789862,-0.0808841,1.2653494,-1.1789847,-0.080914,1.2653644,-1.1789862,-0.0809439,1.2653943,-1.1789839,-0.0809589,1.265342,-1.1789862,-0.080929,1.2653793,-1.1789839,-0.0809365,1.2653793,-1.1789824,-0.0809365,1.2654092,-1.1789839,-0.0809813,1.2654092,-1.1789854,-0.0809888,1.2653569,-1.1789899,-0.0809738,1.2652448,-1.1789877,-0.0808244,1.2653345,-1.1789824,-0.0808841,1.2653121,-1.1789817,-0.0808468,1.2653644,-1.1789824,-0.080914,1.2653569,-1.1789839,-0.080914,1.2651775,-1.1789839,-0.0807197,1.2652822,-1.178975,-0.0807571,1.2654541,-1.178975,-0.0809439,1.2653718,-1.1789817,-0.0809066,1.2654092,-1.1789817,-0.0809589,1.2653345,-1.1789832,-0.0808841,1.2653494,-1.1789817,-0.0808841,1.2652896,-1.1789772,-0.0807795,1.26517,-1.1789712,-0.0805927,1.2653195,-1.1789615,-0.0806674,1.2654017,-1.1789653,-0.0807945,1.2653569,-1.1789653,-0.0807496,1.2653644,-1.178966,-0.0807646,1.2653644,-1.178966,-0.0807646,1.2652747,-1.178966,-0.0806599,1.2652971,-1.17896,-0.08063,1.2652373,-1.1789548,-0.0805179,1.2653943,-1.178951,-0.0806599,1.2652822,-1.1789548,-0.0805702,1.2653046,-1.1789525,-0.0805702,1.2653569,-1.1789488,-0.0805927,1.2652896,-1.1789473,-0.080503,1.2653121,-1.1789488,-0.0805478,1.2653868,-1.1789458,-0.0806001,1.2653644,-1.1789451,-0.0805628,1.2653644,-1.1789436,-0.0805553,1.2654167,-1.1789451,-0.0806226,1.2653494,-1.1789443,-0.0805403,1.2652971,-1.1789398,-0.0804432,1.2652822,-1.1789309,-0.0803535,1.2653868,-1.1789324,-0.0804731,1.2652597,-1.1789286,-0.0803012,1.2653494,-1.1789256,-0.0803684,1.2653718,-1.1789256,-0.0803983,1.2653943,-1.1789256,-0.0804282,1.2653793,-1.1789286,-0.0804282,1.2652074,-1.1789316,-0.0802713,1.2653718,-1.1789301,-0.0804357,1.2653494,-1.1789294,-0.0804133,1.2653644,-1.1789286,-0.0804207,1.2653868,-1.1789249,-0.0804058,1.2653718,-1.1789234,-0.0803759,1.2653718,-1.1789197,-0.0803385,1.2654017,-1.1789234,-0.0804058,1.2652523,-1.1789197,-0.0802115,1.2652448,-1.1789107,-0.0801143,1.2652523,-1.1789047,-0.0800695,1.2652523,-1.1788995,-0.0800171,1.2653195,-1.1788942,-0.080047,1.2653345,-1.1788935,-0.080062,1.2654989,-1.1788823,-0.0801367,1.2654167,-1.1788868,-0.0800919,1.2654466,-1.1788868,-0.0801218,1.2653793,-1.178883,-0.0800097,1.2653569,-1.1788808,-0.0799648,1.2654466,-1.1788793,-0.0800545,1.2654466,-1.1788778,-0.0800396,1.2655288,-1.1788771,-0.0801218,1.2654765,-1.1788793,-0.0800844,1.2654541,-1.1788793,-0.080062,1.265469,-1.1788771,-0.0800545,1.2652896,-1.1788741,-0.0798303,1.2651177,-1.1788554,-0.0794715,1.2652896,-1.1788457,-0.0795612,1.2653121,-1.1788457,-0.0795911,1.2653793,-1.1788427,-0.0796434,1.265484,-1.1788389,-0.0797257,1.2654765,-1.1788427,-0.0797481,1.2654541,-1.1788464,-0.0797556,1.265484,-1.1788442,-0.0797705,1.265484,-1.1788419,-0.0797481,1.2654092,-1.1788419,-0.0796659,1.2654316,-1.1788389,-0.0796659,1.2654017,-1.1788352,-0.0795986,1.2654466,-1.1788352,-0.0796509,1.2653345,-1.1788315,-0.0794865,1.2653943,-1.17883,-0.0795388,1.2654765,-1.1788217,-0.0795537,1.2654242,-1.1788217,-0.079494,1.2655213,-1.1788232,-0.079621,1.2655512,-1.1788262,-0.0796883,1.2654541,-1.1788367,-0.0796659,1.2652896,-1.1788539,-0.0796434,1.2654167,-1.1788389,-0.0796434,1.2654092,-1.1788367,-0.0796135,1.2653943,-1.1788382,-0.0796135,1.2654167,-1.1788367,-0.079621,1.2653868,-1.1788352,-0.0795762,1.2654017,-1.1788352,-0.0795986,1.2652896,-1.1788382,-0.079494,1.2652149,-1.1788315,-0.0793519,1.2652298,-1.1788195,-0.0792623,1.2653868,-1.178815,-0.0793968,1.2653793,-1.178815,-0.0793818,1.2653868,-1.1788098,-0.0793519,1.2653195,-1.1788061,-0.0792398,1.265327,-1.1788053,-0.0792398,1.2654167,-1.1788046,-0.0793221,1.2653793,-1.1788038,-0.0792847,1.2654092,-1.1788016,-0.0792922,1.2653121,-1.1787933,-0.0791202,1.2653943,-1.1787963,-0.0792324,1.2654017,-1.1787911,-0.079195,1.2653569,-1.1787896,-0.0791277,1.265327,-1.1787911,-0.0791053,1.2654391,-1.1787911,-0.0792324,1.2654242,-1.1787948,-0.0792473,1.2652224,-1.1787889,-0.0789633,1.2653644,-1.1787814,-0.0790605,1.2653494,-1.1787814,-0.079038,1.2653569,-1.1787799,-0.079038,1.2653195,-1.1787762,-0.0789633,1.2654391,-1.1787776,-0.0791053,1.265469,-1.1787821,-0.07918,1.2654541,-1.1787859,-0.0792025,1.2654242,-1.1787859,-0.0791651,1.2654316,-1.1787859,-0.07918,1.2654391,-1.1787874,-0.079195,1.2654914,-1.1787881,-0.0792548,1.265342,-1.1787889,-0.0790978,1.2652373,-1.1787874,-0.0789782,1.2651551,-1.1787784,-0.0787989,1.2652448,-1.1787657,-0.0787839,1.2653494,-1.1787649,-0.0788886,1.265342,-1.1787627,-0.0788587,1.2654316,-1.178762,-0.0789558,1.2654017,-1.1787634,-0.0789334,1.2654242,-1.1787649,-0.0789708,1.2654167,-1.1787649,-0.0789633,1.2653943,-1.1787664,-0.0789558,1.2654466,-1.1787649,-0.0790007,1.2654391,-1.1787672,-0.0790081,1.2654989,-1.1787657,-0.0790679,1.2654765,-1.1787687,-0.0790679,1.2652971,-1.1787672,-0.0788512,1.2653494,-1.1787649,-0.0788886,1.265327,-1.178756,-0.0787839,1.2653644,-1.178747,-0.0787465,1.2653569,-1.1787425,-0.0786867,1.2653494,-1.1787433,-0.0786942,1.2653868,-1.1787425,-0.0787241,1.2654316,-1.1787425,-0.078769,1.2654391,-1.1787395,-0.0787615,1.2654541,-1.1787425,-0.0787989,1.2654541,-1.1787448,-0.0788138,1.2654615,-1.178747,-0.0788512,1.265484,-1.1787485,-0.0788886,1.2654541,-1.1787522,-0.0788886,1.2654541,-1.1787522,-0.0788886,1.2654167,-1.1787485,-0.0788138,1.265469,-1.17875,-0.0788811,1.265469,-1.1787507,-0.078896,1.265484,-1.1787507,-0.078911,1.2654615,-1.1787522,-0.078896,1.2654316,-1.1787522,-0.0788587,1.2654391,-1.1787507,-0.0788587,1.2654989,-1.17875,-0.078911,1.2655064,-1.1787485,-0.078911,1.2653195,-1.1787433,-0.0786569,1.2651103,-1.1787418,-0.0784177,1.2652747,-1.1787298,-0.0784849,1.2652373,-1.1787321,-0.0784551,1.2652373,-1.1787246,-0.0783953,1.2653569,-1.1787171,-0.0784625,1.2654316,-1.1787156,-0.0785298,1.265327,-1.1787141,-0.0784027,1.2652672,-1.1787066,-0.0782682,1.2654391,-1.1787022,-0.0784102,1.2652448,-1.1787052,-0.0782308,1.2654466,-1.1787029,-0.0784326,1.2654989,-1.1787059,-0.0785074,1.2654615,-1.1787081,-0.0784924,1.2654615,-1.1787081,-0.0784924,1.2654316,-1.1787096,-0.0784775,1.2652373,-1.1787007,-0.0781785,1.2652747,-1.1786954,-0.078171,1.265342,-1.1786857,-0.0781486,1.265469,-1.1786857,-0.0782906,1.2654989,-1.1786954,-0.0784177,1.2654615,-1.1787007,-0.0784252,1.2654466,-1.1787022,-0.0784177,1.2654989,-1.1786992,-0.0784476,1.2654466,-1.1786992,-0.0783953,1.2654541,-1.1786954,-0.0783654,1.2654615,-1.1787007,-0.0784177,1.2654466,-1.1787022,-0.0784177,1.2654989,-1.1787007,-0.0784625,1.265484,-1.1787029,-0.07847,1.2654615,-1.1787037,-0.0784476,1.2654316,-1.1787029,-0.0784102,1.265469,-1.1786984,-0.0784027,1.2653943,-1.1787022,-0.0783579,1.265342,-1.1786954,-0.0782458,1.2654391,-1.1786939,-0.0783355,1.265342,-1.1786909,-0.0782084,1.265342,-1.1786865,-0.0781636,1.2654914,-1.1786865,-0.078328,1.2654242,-1.1786902,-0.0782906,1.2654167,-1.1786932,-0.0783056,1.2654316,-1.1786895,-0.0782831,1.2651925,-1.1787134,-0.0782458,1.2654391,-1.1786842,-0.0782458,1.2653569,-1.1786805,-0.0781187,1.2653868,-1.1786827,-0.0781785,1.2654541,-1.1786767,-0.0781935,1.2653943,-1.1786775,-0.0781337,1.2654615,-1.178673,-0.078171,1.2653943,-1.17867,-0.0780664,1.2653868,-1.1786678,-0.0780365,1.265484,-1.178664,-0.0781112,1.2655213,-1.1786663,-0.0781785,1.265484,-1.1786655,-0.0781187,1.2653793,-1.1786693,-0.078044,1.2653868,-1.1786663,-0.078029,1.2654541,-1.1786678,-0.0781112,1.2654092,-1.1786655,-0.0780365,1.265484,-1.178664,-0.0781112,1.2654914,-1.178664,-0.0781187,1.265484,-1.1786655,-0.0781262,1.2654466,-1.1786655,-0.0780813,1.2654466,-1.1786685,-0.0781112,1.2654391,-1.1786663,-0.0780813,1.2655064,-1.178664,-0.0781337,1.2655288,-1.178664,-0.0781636,1.2653121,-1.1786917,-0.078171,1.2654615,-1.1786753,-0.078186,1.2654092,-1.178679,-0.0781636,1.2653494,-1.1786827,-0.0781337,1.2653868,-1.1786805,-0.0781561,1.2652896,-1.1786775,-0.0780216,1.2653046,-1.178673,-0.0779991,1.2653494,-1.1786767,-0.0780813,1.2653868,-1.1786753,-0.0781038,1.2654466,-1.1786805,-0.0782159,1.2653943,-1.1786805,-0.0781636,1.2653868,-1.1786842,-0.078186,1.2654316,-1.178679,-0.0781935,1.2654092,-1.1786865,-0.0782383,1.2654391,-1.1786827,-0.0782308,1.2653718,-1.178682,-0.0781486,1.2653494,-1.1786753,-0.0780664,1.2651103,-1.1787059,-0.0780739,1.2655139,-1.1786625,-0.0781262,1.265327,-1.1786618,-0.0779094,1.265327,-1.1786528,-0.0778347,1.265484,-1.1786476,-0.0779618,1.2652672,-1.1786461,-0.0777076,1.2653345,-1.1786386,-0.0777076,1.2654541,-1.1786364,-0.0778197,1.2654466,-1.1786341,-0.0777899,1.2654242,-1.1786364,-0.0777899,1.2654092,-1.1786364,-0.0777749,1.265469,-1.1786349,-0.0778272,1.2654765,-1.1786349,-0.0778347,1.2653943,-1.1786341,-0.0777375,1.2654914,-1.1786312,-0.0778123,1.2654914,-1.1786341,-0.0778347,1.2654914,-1.1786312,-0.0778197,1.2653644,-1.1786349,-0.0777076,1.2653494,-1.1786364,-0.0777076,1.2653644,-1.1786364,-0.0777226,1.2653943,-1.1786341,-0.0777301,1.2654316,-1.1786349,-0.0777824,1.2654017,-1.1786364,-0.0777674,1.2654615,-1.1786341,-0.0778048,1.2654167,-1.1786341,-0.07776,1.2654541,-1.1786341,-0.0778048,1.2655139,-1.1786349,-0.0778721,1.2654914,-1.1786341,-0.0778347,1.2654466,-1.1786386,-0.0778347,1.2653868,-1.1786349,-0.0777375,1.2652298,-1.1786304,-0.0775133,1.2652896,-1.1786222,-0.0775058,1.2653644,-1.1786214,-0.0775806,1.2654017,-1.1786199,-0.0776105
2020-09-27.out.5,0.0,1.2654092,-1.1786199,-0.0776179,1.2654242,-1.1786214,-0.0776478,1.2651775,-1.1786237,-0.0774012,1.2653793,-1.1786237,-0.0776254,1.2654466,-1.1786259,-0.0777226,1.2652672,-1.1786252,-0.0775133,1.2653943,-1.1786222,-0.0776254,1.2654242,-1.1786199,-0.0776404,1.2653121,-1.1786214,-0.0775283,1.2653943,-1.1786162,-0.0775731,1.2653868,-1.1786199,-0.0775955,1.2654391,-1.1786177,-0.0776329,1.2653494,-1.1786177,-0.0775283,1.265342,-1.1786177,-0.0775283,1.2652224,-1.1786125,-0.0773414,1.2654242,-1.1786125,-0.0775656,1.2654541,-1.178611,-0.0775881,1.2653121,-1.178611,-0.0774311,1.2654391,-1.1786102,-0.0775656,1.2654765,-1.178611,-0.0776105,1.2653569,-1.1786162,-0.0775283,1.2654092,-1.178611,-0.0775432,1.2654541,-1.1786102,-0.0775806,1.2654316,-1.178611,-0.0775656,1.2653868,-1.1786102,-0.0775058,1.2654316,-1.1786102,-0.0775507,1.2654615,-1.1786072,-0.0775656,1.2653868,-1.1786125,-0.0775283,1.2652896,-1.1786125,-0.0774236,1.265342,-1.1786072,-0.0774311,1.2653345,-1.1786028,-0.0773788,1.2653046,-1.1786013,-0.0773339,1.2653644,-1.1786013,-0.0774012,1.2653718,-1.178602,-0.0774161,1.2653868,-1.1785975,-0.0773863,1.2652747,-1.1785975,-0.0772667,1.265327,-1.1785908,-0.0772592,1.2653718,-1.1785923,-0.0773265,1.2653494,-1.1785938,-0.0773115,1.2653046,-1.1785923,-0.0772517,1.2653569,-1.17859,-0.0772891,1.2654316,-1.17859,-0.0773713,1.2654242,-1.1785908,-0.0773713,1.2654092,-1.1785945,-0.0773863,1.2654167,-1.178596,-0.0774161,1.2654167,-1.1785975,-0.0774161,1.2654466,-1.1785945,-0.0774311,1.2654167,-1.1785938,-0.0773863,1.2654466,-1.178596,-0.0774386,1.2654017,-1.1785983,-0.0774087,1.2654167,-1.1785998,-0.077446,1.2654092,-1.1786013,-0.077446,1.2653868,-1.178602,-0.0774311,1.2653868,-1.1785998,-0.0774087,1.2654092,-1.1785975,-0.0774161,1.2653345,-1.1785998,-0.0773489,1.2653868,-1.1785983,-0.0773937,1.2653793,-1.1785983,-0.0773937,1.2654167,-1.1785998,-0.0774386,1.2654316,-1.1786013,-0.0774685,1.2654017,-1.1786035,-0.077461,1.2654466,-1.178605,-0.0775283,1.2654391,-1.1786035,-0.0775058,1.2654242,-1.1786057,-0.0775058,1.2654017,-1.1786087,-0.0775133,1.2654242,-1.1786087,-0.0775357,1.2653943,-1.178611,-0.0775208,1.2654391,-1.1786102,-0.0775582,1.2654242,-1.1786087,-0.0775283,1.2653943,-1.1786072,-0.0774909,1.2653718,-1.1786057,-0.077446,1.2654017,-1.178605,-0.0774759,1.2653569,-1.1786057,-0.0774311,1.2653943,-1.1786087,-0.0775058,1.2653793,-1.1786102,-0.0774984,1.2653793,-1.1786102,-0.0774909,1.2654391,-1.1786072,-0.0775357,1.2652597,-1.178614,-0.0774012,1.265043,-1.1786364,-0.0773638,1.2651626,-1.1786252,-0.0773937,1.2651626,-1.1786259,-0.0774012,1.2653569,-1.1786087,-0.077461,1.2655811,-1.1785856,-0.0775058,1.2655213,-1.1785975,-0.0775357,1.2651177,-1.1786439,-0.0775208,1.2651775,-1.1786424,-0.0775731,1.2651551,-1.1786424,-0.0775507,1.265043,-1.1786416,-0.0774161,1.2650878,-1.1786379,-0.0774236,1.2651402,-1.1786416,-0.0775208,1.2651327,-1.1786439,-0.0775357,1.2651925,-1.1786349,-0.0775208,1.265185,-1.1786364,-0.0775283,1.2651999,-1.1786327,-0.0775058,1.2651402,-1.1786274,-0.0773937,1.2651999,-1.1786282,-0.077461,1.2652672,-1.1786259,-0.0775283,1.2651925,-1.1786304,-0.0774685,1.2653793,-1.178611,-0.0775058,1.2653345,-1.178614,-0.0774834,1.2653644,-1.1786125,-0.0775058,1.2655064,-1.1786013,-0.0775582,1.2653121,-1.178611,-0.0774386,1.2653494,-1.1786177,-0.0775357,1.2653718,-1.1786185,-0.0775656,1.2653943,-1.1786237,-0.0776404,1.265342,-1.1786237,-0.0775806,1.2653195,-1.1786222,-0.0775432,1.2653345,-1.1786289,-0.0776179,1.2652672,-1.1786364,-0.0776179,1.2652149,-1.1786401,-0.0775881,1.2652074,-1.1786416,-0.0775955,1.2650355,-1.1786297,-0.0772966,1.265043,-1.1786214,-0.0772218,1.2651775,-1.178614,-0.077304,1.2652298,-1.178611,-0.0773414,1.2652224,-1.178614,-0.0773638,1.2651999,-1.1786162,-0.0773489,1.2649757,-1.1786416,-0.0773339,1.2652896,-1.1786087,-0.0773863,1.2653121,-1.1786057,-0.0773863,1.2652747,-1.1786072,-0.0773564,1.2652747,-1.1786057,-0.0773414,1.2653718,-1.178605,-0.0774386,1.2653345,-1.1786072,-0.0774236,1.2650579,-1.1786424,-0.0774386,1.265327,-1.1786072,-0.0774161,1.2653494,-1.1786057,-0.0774236,1.2652597,-1.1786072,-0.0773414,1.2651177,-1.1786072,-0.077177,1.2650953,-1.1785923,-0.0770125,1.2651999,-1.1785856,-0.0770798,1.2651925,-1.1785848,-0.0770574,1.2652896,-1.1785848,-0.0771546,1.2652971,-1.1785871,-0.0771994,1.2653046,-1.1785848,-0.077177,1.2653793,-1.1785833,-0.0772517,1.265327,-1.17859,-0.0772517,1.2653494,-1.1785856,-0.0772442,1.2652373,-1.1785871,-0.0771247,1.2652149,-1.1785781,-0.07702,1.2651476,-1.1785781,-0.0769453,1.2651999,-1.1785758,-0.0769826,1.2652074,-1.1785721,-0.0769602,1.2652523,-1.1785736,-0.07702,1.2652672,-1.1785744,-0.0770499,1.2652448,-1.1785729,-0.0770125,1.2652448,-1.1785721,-0.0769976,1.2652971,-1.1785736,-0.0770649,1.2653046,-1.1785773,-0.0771022,1.2653569,-1.1785758,-0.0771546,1.2653046,-1.1785781,-0.0771247,1.2652971,-1.1785811,-0.0771396,1.2653345,-1.1785773,-0.0771471,1.2653569,-1.1785796,-0.0771844,1.2652971,-1.1785818,-0.0771471,1.26517,-1.1785833,-0.0770125,1.2651028,-1.1785766,-0.0768855,1.2652224,-1.1785699,-0.0769453,1.2651476,-1.1785684,-0.0768556,1.2651626,-1.1785616,-0.0768107,1.265185,-1.1785594,-0.0768182,1.2652896,-1.1785602,-0.0769378,1.2653195,-1.1785631,-0.0769976,1.2652074,-1.1785646,-0.076878,1.2652074,-1.1785594,-0.0768481,1.2652672,-1.1785572,-0.0768855,1.2652523,-1.1785609,-0.0769004,1.2652896,-1.1785594,-0.0769303,1.2652597,-1.1785579,-0.0768855,1.2652074,-1.1785579,-0.0768332,1.2652448,-1.1785542,-0.0768332,1.2652224,-1.1785572,-0.0768332,1.2652523,-1.1785519,-0.0768182,1.2652373,-1.1785557,-0.0768406,1.2652822,-1.1785557,-0.0768855,1.2652523,-1.1785594,-0.0768855,1.2652448,-1.1785594,-0.076878,1.2652672,-1.1785579,-0.076893,1.2652747,-1.1785609,-0.0769229,1.2652523,-1.1785616,-0.0769079,1.2653121,-1.1785609,-0.0769677,1.2652896,-1.1785616,-0.0769528,1.2652822,-1.1785631,-0.0769602,1.2652747,-1.1785616,-0.0769378,1.2652523,-1.1785609,-0.0769004,1.2651327,-1.1785519,-0.0766837,1.2651103,-1.1785519,-0.0766687,1.2652074,-1.1785467,-0.0767285,1.2652373,-1.1785467,-0.0767509,1.2652597,-1.1785452,-0.0767734,1.2652373,-1.1785482,-0.0767659,1.2652523,-1.1785482,-0.0767808,1.2652373,-1.1785467,-0.0767509,1.2652597,-1.1785437,-0.0767584,1.2652523,-1.1785415,-0.0767285,1.2652074,-1.178543,-0.0766837,1.2652822,-1.178543,-0.0767734,1.2652822,-1.1785467,-0.0768033,1.2652224,-1.1785467,-0.076736,1.2652149,-1.1785482,-0.0767435,1.26517,-1.1785452,-0.0766687,1.2652298,-1.1785377,-0.0766687,1.2651252,-1.178537,-0.0765417,1.2652074,-1.178534,-0.0766015,1.2651999,-1.1785265,-0.0765342,1.2651626,-1.178525,-0.0764744,1.2649085,-1.1785131,-0.0760783,1.2651028,-1.1785026,-0.0762053,1.2651476,-1.1785011,-0.0762427,1.2651925,-1.1785004,-0.0762876,1.2651999,-1.1785004,-0.0762801,1.265185,-1.1785026,-0.0762876,1.2652448,-1.1785011,-0.0763399,1.2652074,-1.1785019,-0.0763174,1.2651775,-1.1785041,-0.076295,1.2651925,-1.1785026,-0.0763025,1.2652149,-1.1785041,-0.0763324,1.2651925,-1.1785063,-0.0763324,1.2652149,-1.1785063,-0.0763548,1.2651925,-1.1785063,-0.0763399,1.2652074,-1.1785048,-0.0763399,1.2652597,-1.1785011,-0.0763623,1.2652298,-1.1785026,-0.0763399,1.2651999,-1.1785004,-0.0762876,1.2650804,-1.1784966,-0.0761156,1.2651775,-1.1784944,-0.0762053,1.2652149,-1.1784974,-0.0762726,1.2652074,-1.1784989,-0.0762801,1.2651925,-1.1785019,-0.076295,1.2651402,-1.1785011,-0.0762352,1.2651775,-1.1785041,-0.0762876,1.2652224,-1.1785041,-0.0763473,1.26517,-1.1785048,-0.076295,1.2651925,-1.1785048,-0.0763249,1.2650355,-1.1785011,-0.0761156,1.2651626,-1.1784989,-0.0762352,1.2651775,-1.1784966,-0.0762278,1.2651402,-1.1784974,-0.0761979,1.2651999,-1.1784974,-0.0762651,1.2651327,-1.1784914,-0.0761231,1.2652149,-1.1784891,-0.0761979,1.2651252,-1.1784899,-0.0761082,1.2651103,-1.1784862,-0.0760633,1.2651327,-1.1784839,-0.0760633,1.2651999,-1.1784824,-0.0761231,1.2652224,-1.1784809,-0.0761381,1.2652523,-1.1784839,-0.0761979,1.2652597,-1.1784839,-0.0762053,1.2652074,-1.1784809,-0.0761231,1.265185,-1.1784839,-0.0761156,1.2651476,-1.1784809,-0.0760484,1.2651103,-1.1784787,-0.0759886,1.2650953,-1.178472,-0.0759064,1.2651103,-1.1784742,-0.0759437,1.2651925,-1.1784735,-0.0760334,1.2652224,-1.1784735,-0.0760708,1.265185,-1.1784764,-0.0760484,1.2650579,-1.178472,-0.0758765,1.2650056,-1.178466,-0.0757569,1.2651177,-1.1784637,-0.0758541,1.2650505,-1.1784607,-0.0757644,1.2650505,-1.1784585,-0.0757345,1.2651327,-1.1784533,-0.0757868,1.2651327,-1.1784548,-0.0757943,1.2651775,-1.1784548,-0.0758466,1.26517,-1.178457,-0.0758541,1.2650953,-1.1784548,-0.0757494,1.2650804,-1.178451,-0.0757046,1.265185,-1.1784473,-0.0757793,1.2651177,-1.1784473,-0.0757046,1.265185,-1.1784473,-0.0757793,1.2651626,-1.1784495,-0.0757793,1.2651626,-1.1784495,-0.0757793,1.2651626,-1.1784495,-0.0757793,1.2651999,-1.1784436,-0.0757644,1.2651177,-1.1784563,-0.0757943,1.2646319,-1.1785138,-0.0757793,1.26517,-1.178448,-0.0757793,1.2651402,-1.1784473,-0.075727,1.2651103,-1.1784458,-0.0756896,1.2651476,-1.1784458,-0.075727,1.2649907,-1.1784406,-0.0755102,1.2650804,-1.1784361,-0.0755551,1.2650654,-1.1784308,-0.0754953,1.2651028,-1.1784294,-0.0755327,1.2651551,-1.1784271,-0.0755626,1.2651775,-1.1784294,-0.0756074,1.265185,-1.1784279,-0.0755999,1.2652298,-1.1784294,-0.0756672,1.2652224,-1.1784294,-0.0756597,1.26517,-1.1784346,-0.0756448,1.2651775,-1.1784331,-0.0756448,1.26517,-1.1784346,-0.0756523,1.2652373,-1.1784294,-0.0756747,1.2651327,-1.1784368,-0.0756373,1.265185,-1.1784361,-0.0756821,1.2651925,-1.1784361,-0.0756896,1.2651402,-1.1784361,-0.0756298,1.2651775,-1.1784279,-0.0755925,1.26517,-1.1784294,-0.0755999,1.26517,-1.1784308,-0.0756149,1.26517,-1.1784323,-0.0756224,1.2651775,-1.1784308,-0.0756224,1.2651925,-1.1784271,-0.0756074,1.265185,-1.1784308,-0.0756298,1.2649981,-1.1784234,-0.0753533,1.2649533,-1.1784271,-0.0753383,1.2650878,-1.1784092,-0.0753234,1.2651252,-1.1784069,-0.0753458,1.2652149,-1.1784069,-0.075443,1.2651999,-1.1784107,-0.0754579,1.26517,-1.1784129,-0.0754504,1.2652747,-1.1784084,-0.0755177,1.2652074,-1.1784122,-0.0754803,1.2652448,-1.1784114,-0.0755252,1.2652747,-1.1784122,-0.0755551,1.265185,-1.1784144,-0.0754803,1.2651925,-1.1784122,-0.0754654,1.265185,-1.1784129,-0.0754654,1.2652298,-1.1784114,-0.0755028,1.2652149,-1.1784107,-0.0754729,1.2651925,-1.1784092,-0.075443,1.2652298,-1.1784069,-0.0754579,1.265185,-1.1784122,-0.0754579,1.2651925,-1.1784107,-0.0754504,1.26517,-1.1784122,-0.0754355,1.2652149,-1.1784092,-0.0754654,1.2651925,-1.1784107,-0.0754504,1.2651999,-1.1784092,-0.0754504,1.2651925,-1.1784107,-0.0754504,1.2652149,-1.1784092,-0.0754654,1.265185,-1.1784122,-0.0754579,1.2651775,-1.1784114,-0.0754504,1.2652298,-1.1784084,-0.0754654,1.2651999,-1.1784122,-0.0754729,1.26517,-1.1784107,-0.075428,1.265185,-1.1784084,-0.0754206,1.2650953,-1.1784039,-0.075286,1.2651925,-1.1784017,-0.0753682,1.2651775,-1.1784032,-0.0753682,1.2651775,-1.1784032,-0.0753682,1.2651999,-1.1784017,-0.0753757,1.2652448,-1.1783965,-0.0753832,1.2652224,-1.1784017,-0.0754056,1.2652448,-1.1784017,-0.0754355,1.2652672,-1.1783987,-0.075428,1.2652672,-1.178398,-0.0754206,1.265185,-1.1783995,-0.0753383,1.2651925,-1.1784002,-0.0753533,1.2652149,-1.1784017,-0.0753907,1.265185,-1.1784039,-0.0753832,1.2651626,-1.1784002,-0.0753234,1.2651476,-1.1784002,-0.0753084,1.2651999,-1.178398,-0.0753383,1.2651925,-1.178398,-0.0753309,1.2651775,-1.1783957,-0.0752935,1.2652149,-1.1783965,-0.0753458,1.265185,-1.178398,-0.0753234,1.2651775,-1.178392,-0.0752636,1.265185,-1.1783942,-0.075286,1.2650878,-1.1783942,-0.0751889,1.2650056,-1.17838,-0.0749646,1.2651626,-1.17838,-0.0751365,1.2651551,-1.17838,-0.0751291,1.2651103,-1.178383,-0.0750992,1.265028,-1.1783778,-0.0749721,1.2649383,-1.1783628,-0.0747255,1.2649085,-1.1783516,-0.0745909,1.265028,-1.1783486,-0.074703,1.2651402,-1.1783419,-0.0747628,1.2652149,-1.1783479,-0.0748974,1.2652448,-1.1783554,-0.075002,1.2652074,-1.1783651,-0.0750543,1.265327,-1.1783636,-0.0751664,1.2652971,-1.1783711,-0.0752038,1.2652747,-1.1783778,-0.0752412,1.2652224,-1.178383,-0.0752337,1.2651626,-1.1783882,-0.0752113,1.2651925,-1.178386,-0.0752337,1.2652373,-1.1783838,-0.0752636,1.2653046,-1.1783793,-0.075286,1.2652373,-1.1783868,-0.0752785,1.2650878,-1.1783882,-0.0751291,1.2650579,-1.178386,-0.0750842,1.2651177,-1.178383,-0.0751141,1.2648188,-1.1784196,-0.0751216,1.2651551,-1.1783838,-0.0751664,1.2651327,-1.178389,-0.0751889,1.2651551,-1.1783905,-0.0752262,1.2651402,-1.1783875,-0.0751814,1.2651476,-1.1783875,-0.0751963,1.2651551,-1.178389,-0.0752113,1.265185,-1.1783927,-0.0752785,1.2652149,-1.178392,-0.075301,1.2651476,-1.1783942,-0.0752561,1.2651476,-1.178392,-0.0752262,1.2651103,-1.1783868,-0.075144,1.2651252,-1.1783853,-0.075144,1.2649981,-1.1783808,-0.0749721,1.2651177,-1.1783838,-0.0751216,1.2650878,-1.178383,-0.0750767,1.2651252,-1.178383,-0.0751216,1.2651327,-1.178383,-0.0751291,1.2651177,-1.178383,-0.0751141,1.2650654,-1.1783726,-0.0749646,1.2648561,-1.178374,-0.0747404,1.2649981,-1.1783651,-0.0748226,1.2650579,-1.1783651,-0.0748824,1.2650953,-1.1783636,-0.0749123,1.2650729,-1.1783651,-0.0749048,1.2650953,-1.1783681,-0.0749497,1.2651476,-1.1783703,-0.0750319,1.2651551,-1.1783688,-0.0750319,1.2651775,-1.1783726,-0.0750842,1.2651252,-1.1783726,-0.0750319,1.2651551,-1.1783718,-0.0750468,1.2650505,-1.1783688,-0.0749123,1.2650505,-1.1783681,-0.0748974,1.2651028,-1.1783681,-0.0749646,1.2651252,-1.1783688,-0.0749945,1.2651252,-1.1783703,-0.075002,1.2652224,-1.1783688,-0.0750992,1.2651999,-1.1783718,-0.0750992,1.2650579,-1.1783726,-0.0749497,1.2650654,-1.1783703,-0.0749347,1.2650878,-1.1783703,-0.0749646,1.2650804,-1.1783666,-0.0749198,1.2650206,-1.1783666,-0.0748525,1.2651252,-1.1783666,-0.0749721,1.2650878,-1.1783666,-0.0749347,1.2651402,-1.1783636,-0.0749572,1.2651476,-1.1783666,-0.0749945,1.2651177,-1.1783763,-0.0750543,1.2654092,-1.1783434,-0.0750767,1.265043,-1.178392,-0.0751141,1.2654242,-1.1783524,-0.0751739,1.2649309,-1.1784122,-0.0751739,1.2648711,-1.1784129,-0.0751216,1.2648412,-1.1784122,-0.0750693,1.264886,-1.1784107,-0.0751141,1.2647067,-1.1784129,-0.0749347,1.2648188,-1.1784077,-0.0750169,1.2650355,-1.1783853,-0.0750468,1.265043,-1.1783853,-0.0750543,1.2650355,-1.1783868,-0.0750618,1.2650206,-1.1783838,-0.0750169,1.2649533,-1.178383,-0.0749347,1.2648262,-1.1783815,-0.0747778,1.2647515,-1.1783882,-0.0747554,1.2647664,-1.1783793,-0.0746881,1.264744,-1.1783763,-0.0746432,1.2647739,-1.1783726,-0.0746358,1.2648262,-1.1783688,-0.0746657,1.2648262,-1.1783726,-0.0746956,1.2649159,-1.1783755,-0.0748151,1.264901,-1.17838,-0.074845,1.264886,-1.1783763,-0.0748002,1.2649608,-1.1783755,-0.0748675,1.2648935,-1.1783778,-0.0748151,1.2649608,-1.178374,-0.07486,1.2649383,-1.178374,-0.0748376,1.2648935,-1.178383,-0.0748675,1.2648636,-1.1783868,-0.0748675,1.2647067,-1.1783882,-0.074703,1.2647739,-1.1783868,-0.0747703,1.2648337,-1.1783882,-0.074845,1.264759,-1.1784002,-0.0748824,1.2647814,-1.1784032,-0.0749273,1.2647141,-1.1784077,-0.0748974,1.2646469,-1.1784092,-0.0748301,1.2643927,-1.1784308,-0.0747554,1.2642732,-1.1784488,-0.0747778,1.2642806,-1.1784458,-0.0747703,1.26446,-1.1783972,-0.0745237,1.2647739,-1.1783464,-0.0743966,1.2649309,-1.1783374,-0.0744863,1.2649608,-1.1783359,-0.0745087,1.2649757,-1.1783374,-0.0745386,1.2651028,-1.1783314,-0.0746208,1.2650878,-1.1783382,-0.0746657,1.2649085,-1.1783598,-0.0746731,1.2648786,-1.1783613,-0.0746507,1.2648711,-1.1783613,-0.0746432,1.2649458,-1.1783591,-0.074703,1.2647216,-1.1783853,-0.0746956,1.2649085,-1.1783598,-0.0746731,1.2648636,-1.1783613,-0.0746283,1.2646917,-1.17838,-0.0746133,1.2648786,-1.1783613,-0.0746507,1.2649234,-1.1783539,-0.0746283,1.2649458,-1.1783516,-0.0746358,1.264886,-1.1783516,-0.0745685,1.2644152,-1.1784092,-0.0745834,1.2648935,-1.1783352,-0.0744265,1.2648188,-1.1783299,-0.074292,1.2648935,-1.1783277,-0.0743592,1.2649383,-1.1783255,-0.0743816,1.2649682,-1.1783232,-0.0744041,1.2649981,-1.1783247,-0.0744489,1.2650131,-1.178327,-0.0744863,1.2649608,-1.1783277,-0.0744265,1.2649533,-1.1783247,-0.0743966,1.2649907,-1.1783262,-0.0744489,1.2649682,-1.1783262,-0.0744265,1.265028,-1.1783225,-0.0744564,1.265028,-1.1783247,-0.0744863,1.2650131,-1.1783277,-0.0744863,1.2649757,-1.1783277,-0.0744489,1.2649682,-1.1783232,-0.0744041,1.2649085,-1.1783187,-0.074292,1.2649757,-1.1783172,-0.0743518,1.2649682,-1.1783187,-0.0743592,1.2649981,-1.1783187,-0.0743966,1.2649085,-1.178321,-0.0743144,1.2649159,-1.1783105,-0.0742322,1.2649682,-1.1783105,-0.074292,1.2649682,-1.1783098,-0.0742695,1.2649608,-1.1783098,-0.0742621,1.2649757,-1.1783075,-0.0742621,1.2649907,-1.1783083,-0.074292,1.2649234,-1.1783075,-0.0742023,1.2650056,-1.178306,-0.0742845,1.2647365,-1.1783008,-0.0739332,1.2648786,-1.1782933,-0.0740229,1.264744,-1.1782896,-0.0738435,1.2647515,-1.1782873,-0.0738211,1.2649309,-1.1782829,-0.0739855,1.264901,-1.1782806,-0.0739332,1.2649234,-1.1782806,-0.0739556,1.2649757,-1.1782829,-0.0740378,1.2649533,-1.1782844,-0.0740229,1.2650131,-1.1782859,-0.0741051,1.2649383,-1.1782859,-0.0740154,1.2650131,-1.1782829,-0.0740752,1.2649757,-1.1782829,-0.0740378,1.2649907,-1.1782829,-0.0740528,1.2649608,-1.1782829,-0.0740229,1.2649981,-1.1782829,-0.0740603,1.2650804,-1.1782821,-0.0741425,1.2651028,-1.1782844,-0.0741948,1.2650878,-1.1782873,-0.0741948,1.2650355,-1.1782896,-0.0741649,1.2650355,-1.1782933,-0.0741948,1.2650056,-1.1782956,-0.0741873,1.2650131,-1.1782948,-0.0741798,1.2650579,-1.1782993,-0.0742845,1.2650505,-1.1782993,-0.0742695,1.2650056,-1.1782993,-0.0742247,1.2650355,-1.1782986,-0.0742396,1.2650579,-1.1782971,-0.0742621,1.2650355,-1.1782993,-0.0742546,1.265043,-1.1782993,-0.0742621,1.2650579,-1.1783008,-0.074292,1.265028,-1.1783045,-0.074292,1.264886,-1.1783023,-0.0741126,1.2649309,-1.1782993,-0.0741425,1.2649608,-1.1782971,-0.07415,1.2649682,-1.1782986,-0.0741649,1.2649458,-1.1782986,-0.0741425,1.2650355,-1.1782956,-0.0742247,1.2650505,-1.1782971,-0.0742471,1.2652896,-1.1782694,-0.0742546,1.2651177,-1.1782896,-0.0742471,1.2650953,-1.1782911,-0.0742396,1.2650804,-1.1782911,-0.0742247,1.265185,-1.1782784,-0.0742322,1.265028,-1.1782956,-0.0742172,1.264901,-1.178306,-0.0741649,1.2649234,-1.1783083,-0.0742172,1.2649234,-1.1783105,-0.0742396,1.2649309,-1.178312,-0.0742621,1.2649383,-1.178315,-0.074292,1.2648487,-1.1783135,-0.0741724,1.2648337,-1.178306,-0.0740902,1.2649383,-1.178303,-0.0741873,1.2647739,-1.178306,-0.0740229,1.2646917,-1.1783008,-0.0738884,1.264744,-1.1782933,-0.0738809,1.2648636,-1.1782896,-0.0739706,1.264886,-1.1782881,-0.0739855,1.2648935,-1.1782911,-0.0740154,1.2649533,-1.1782918,-0.0740976,1.2649309,-1.1782948,-0.0740976,1.2649458,-1.1782948,-0.0741126,1.2649458,-1.1782956,-0.0741275,1.2647889,-1.1782881,-0.0738809,1.2647963,-1.1782844,-0.073851,1.2647814,-1.1782806,-0.0737987,1.2648412,-1.1782806,-0.0738659,1.2647664,-1.1782791,-0.0737762,1.2648636,-1.1782769,-0.0738585,1.2647739,-1.1782769,-0.0737538,1.2648786,-1.1782709,-0.0738136,1.2649458,-1.1782709,-0.0738884,1.2645048,-1.1783285,-0.0739332,1.2649981,-1.1782589,-0.0738435,1.2649085,-1.1782821,-0.0739481,1.2649832,-1.1782567,-0.0738061,1.2650579,-1.1782582,-0.0738958,1.265043,-1.1782589,-0.0738958,1.265043,-1.1782545,-0.073851,1.2649907,-1.1782567,-0.0738061,1.2650355,-1.1782515,-0.0738211,1.2650729,-1.178256,-0.0738958,1.2650654,-1.1782582,-0.0739108,1.2650505,-1.1782552,-0.0738734,1.2650206,-1.1782552,-0.073836,1.2650056,-1.17825,-0.0737688,1.2650355,-1.17825,-0.0738061,1.2649832,-1.178253,-0.0737688,1.2648935,-1.1782418,-0.0735595,1.2649458,-1.1782328,-0.0735445,1.2650056,-1.1782328,-0.0736118,1.265028,-1.1782328,-0.0736342,1.2650729,-1.1782343,-0.073694,1.265043,-1.178238,-0.073694,1.2650729,-1.1782365,-0.0737165,1.2650878,-1.1782365,-0.0737314,1.2651028,-1.1782403,-0.0737837,1.2650804,-1.1782403,-0.0737613,1.2651103,-1.1782388,-0.0737762,1.2650804,-1.1782425,-0.0737837,1.2650579,-1.1782455,-0.0737762,1.2650579,-1.1782425,-0.0737613,1.2651626,-1.1782403,-0.0738585,1.2651626,-1.1782418,-0.0738659,1.2651476,-1.1782425,-0.0738585,1.2651551,-1.178244,-0.0738809,1.2650804,-1.178247,-0.0738136,1.2651103,-1.1782477,-0.0738659,1.2651177,-1.1782507,-0.0738884,1.2651103,-1.1782492,-0.0738734,1.265043,-1.1782492,-0.0737987,1.2650579,-1.1782477,-0.0738061,1.2651402,-1.1782418,-0.073836,1.2651103,-1.1782418,-0.0737987,1.2645572,-1.1783045,-0.0737762,1.2650804,-1.178247,-0.0738211,1.2649682,-1.1782619,-0.073836,1.2649458,-1.1782642,-0.073836,1.2649458,-1.1782604,-0.0737987,1.2649159,-1.1782642,-0.0737987,1.2649533,-1.1782589,-0.0737987,1.2649608,-1.1782589,-0.0738061,1.2647515,-1.1782821,-0.0737837,1.2651252,-1.1782365,-0.0737762,1.2650804,-1.178244,-0.0737987,1.265043,-1.178244,-0.0737463,1.2650131,-1.1782418,-0.073694,1.2649085,-1.1782343,-0.0735146,1.2649383,-1.1782268,-0.0734698,1.265043,-1.1782223,-0.0735595,1.2650206,-1.1782253,-0.0735595,1.265043,-1.1782276,-0.0736043,1.2650729,-1.1782238,-0.0735969,1.265028,-1.1782268,-0.073567,1.2649832,-1.1782268,-0.0735221,1.2650355,-1.1782268,-0.0735819,1.2648113,-1.1782201,-0.073268,1.2650206,-1.1782178,-0.0734848,1.2649757,-1.1782186,-0.0734474,1.2650206,-1.1782148,-0.0734623,1.2650878,-1.1782178,-0.0735595,1.2650654,-1.1782186,-0.073552,1.2650878,-1.1782178,-0.0735595,1.265028,-1.1782178,-0.0734922,1.2649608,-1.1782163,-0.07341,1.2649608,-1.1782126,-0.0733726,1.2650131,-1.1782081,-0.0733951,1.2649682,-1.1782074,-0.0733278,1.2649608,-1.1782036,-0.0732904,1.265043,-1.1782036,-0.0733801,1.2651402,-1.1781999,-0.0734549,1.2650953,-1.1782021,-0.073425,1.2649832,-1.1782021,-0.0732979,1.2649608,-1.1782089,-0.0733427,1.2650505,-1.1782089,-0.0734324,1.2650131,-1.1782126,-0.073425,1.2648636,-1.1782089,-0.0732306,1.2647889,-1.1782036,-0.0731036,1.2648188,-1.1781977,-0.0730811,1.2649533,-1.1781924,-0.0731783,1.264886,-1.1781932,-0.073111,1.2648711,-1.1781887,-0.0730513,1.2649309,-1.1781842,-0.0730737,1.264886,-1.1781857,-0.0730438,1.2648935,-1.178185,-0.0730438,1.2649085,-1.178182,-0.0730288,1.2648711,-1.1781782,-0.0729616,1.2649458,-1.178176,-0.0730139,1.2649458,-1.178176,-0.0730139,1.2648786,-1.1781782,-0.072969,1.2648935,-1.178176,-0.0729616,1.264901,-1.1781745,-0.0729541,1.2649383,-1.178176,-0.0730064,1.2649533,-1.1781745,-0.0730139,1.2649458,-1.1781745,-0.0730064,1.2649832,-1.178173,-0.0730363,1.2649309,-1.1781745,-0.0729915,1.2649234,-1.1781767,-0.0729989,1.2649383,-1.1781767,-0.0730139,1.2649309,-1.1781745,-0.0729915,1.2649383,-1.1781693,-0.0729541,1.2649458,-1.1781707,-0.072969,1.2647141,-1.1781685,-0.0726925,1.2648636,-1.1781618,-0.0727971,1.2649234,-1.1781648,-0.0728868,1.2649383,-1.1781618,-0.0728793,1.2649085,-1.178167,-0.0728943,1.2649159,-1.178167,-0.0729018,1.2649682,-1.1781618,-0.0729092,1.2647963,-1.1781595,-0.0727,1.2647365,-1.1781483,-0.0725281,1.2648262,-1.1781453,-0.0726103,1.2649309,-1.1781431,-0.0727,1.2649085,-1.1781483,-0.0727224,1.2649309,-1.1781453,-0.0727224,1.2649458,-1.1781506,-0.0727897,1.2649981,-1.1781491,-0.0728345,1.2649458,-1.1781491,-0.0727747,1.2649159,-1.1781528,-0.0727747,1.2649159,-1.1781528,-0.0727747,1.2649458,-1.1781543,-0.0728196,1.2649383,-1.1781558,-0.0728196,1.2649533,-1.1781558,-0.072842,1.2649234,-1.1781528,-0.0727747,1.2648711,-1.1781506,-0.0727,1.2648786,-1.1781506,-0.0727149,1.2649309,-1.1781491,-0.0727523,1.2649085,-1.1781491,-0.0727373,1.2649533,-1.1781491,-0.0727897,1.2649458,-1.1781491,-0.0727747,1.2649458,-1.1781498,-0.0727747,1.2649159,-1.1781483,-0.0727299,1.2649159,-1.1781491,-0.0727373,1.2649159,-1.1781491,-0.0727373,1.264901,-1.1781491,-0.0727224,1.2649234,-1.1781468,-0.0727299,1.2648487,-1.1781491,-0.0726701,1.264886,-1.1781453,-0.0726701,1.2649309,-1.1781453,-0.0727224,1.2649085,-1.1781446,-0.072685,1.2649085,-1.1781409,-0.0726476,1.264886,-1.1781409,-0.0726252,1.2648711,-1.1781409,-0.0726103,1.2648935,-1.1781379,-0.0726103,1.2648262,-1.1781394,-0.072543,1.2648786,-1.1781364,-0.0725804,1.2649085,-1.1781379,-0.0726252,1.2649458,-1.1781356,-0.0726476,1.2649309,-1.1781364,-0.0726402,1.2649234,-1.1781364,-0.0726327,1.2648337,-1.1781356,-0.0725206,1.2648561,-1.1781364,-0.072558,1.2648935,-1.1781364,-0.0725953,1.264901,-1.1781379,-0.0726178,1.2649608,-1.1781341,-0.0726476,1.264901,-1.1781364,-0.0726103,1.264886,-1.1781356,-0.0725879,1.2648561,-1.1781356,-0.0725505,1.2648487,-1.1781319,-0.0724982,1.2648412,-1.1781319,-0.0724982,1.2648786,-1.1781304,-0.0725206,1.2649085,-1.1781281,-0.0725355,1.2648786,-1.1781304,-0.0725206,1.2648711,-1.1781281,-0.0724907,1.2649159,-1.1781281,-0.0725355,1.264901,-1.1781304,-0.072543,1.264886,-1.1781289,-0.0725281,1.2649159,-1.1781289,-0.0725505,1.2649159,-1.1781281,-0.072543,1.2648711,-1.1781304,-0.0725131,1.2648786,-1.1781289,-0.0725131,1.2648188,-1.1781252,-0.072416,1.2645646,-1.1781595,-0.0724458,1.2649159,-1.1781154,-0.0724234,1.2649608,-1.1781177,-0.0725056,1.2649533,-1.1781192,-0.0725056,1.2649234,-1.1781229,-0.0725056,1.2649533,-1.1781229,-0.0725355,1.2649757,-1.1781214,-0.0725505,1.2651028,-1.1781281,-0.0727523,1.2650206,-1.1781289,-0.0726701,1.2650206,-1.1781304,-0.0726775,1.2650729,-1.1781341,-0.0727822,1.2649682,-1.1781446,-0.0727523,1.2650804,-1.1781431,-0.0728644,1.2647216,-1.1781835,-0.072842,1.2649907,-1.1781543,-0.0728719,1.2650131,-1.1781409,-0.0727672,1.2649234,-1.1781633,-0.0728793,1.2650206,-1.1781506,-0.0728644,1.2652896,-1.1781214,-0.0729018,1.2649383,-1.1781722,-0.0729765,1.264886,-1.1781797,-0.0729915,1.2648561,-1.1781812,-0.072969,1.2647889,-1.1781887,-0.0729616,1.2649832,-1.1781782,-0.0730886,1.265327,-1.1781431,-0.0731335,1.2653868,-1.1781371,-0.0731484,1.2653121,-1.1781483,-0.0731634,1.2650729,-1.1781775,-0.0731634,1.2651252,-1.1781782,-0.0732381,1.2650654,-1.178185,-0.0732306,1.2650131,-1.1781894,-0.0732232,1.265028,-1.1781909,-0.0732456,1.2649757,-1.1781984,-0.0732605,1.2650056,-1.1781999,-0.0733054,1.2649682,-1.1782051,-0.0733128,1.264886,-1.1782141,-0.0732979,1.2648636,-1.1782141,-0.0732755,1.2648636,-1.1782148,-0.0732904,1.2648711,-1.1782216,-0.0733502,1.2648337,-1.1782261,-0.0733502,1.2647963,-1.178238,-0.0734175,1.2645871,-1.1782604,-0.0733951,1.2645945,-1.1782619,-0.0734175,1.2645497,-1.1782627,-0.0733801,1.2645646,-1.1782642,-0.07341,1.2645945,-1.1782619,-0.0734175,1.2646394,-1.178247,-0.0733278,1.2646469,-1.1782425,-0.0733054,1.2646543,-1.1782425,-0.0733128,1.2648412,-1.1782305,-0.0733951,1.2648412,-1.178229,-0.0733951,1.2647739,-1.1782313,-0.0733427,1.2648038,-1.1782305,-0.0733577,1.2648113,-1.178229,-0.0733577,1.2648487,-1.1782276,-0.0733876,1.2649234,-1.1782051,-0.0732605,1.2650131,-1.1782066,-0.0733726,1.2651925,-1.178182,-0.0733502,1.2650579,-1.1782014,-0.0733726,1.2646618,-1.1782515,-0.0734025,1.264886,-1.1782268,-0.07341,1.2648262,-1.1782328,-0.07341,1.2647664,-1.1782388,-0.0733951,1.2649309,-1.1782238,-0.0734474,1.264901,-1.1782268,-0.0734324,1.2648487,-1.1782253,-0.0733577,1.265028,-1.1782089,-0.07341,1.2642806,-1.1782971,-0.0733951,1.2648636,-1.1782156,-0.0732904,1.2649533,-1.1782111,-0.0733577,1.2649533,-1.1782111,-0.0733502,1.2649234,-1.1782141,-0.0733427,1.2649234,-1.1782104,-0.0733054,1.2649981,-1.1782066,-0.0733502,1.2646543,-1.1782059,-0.0729765,1.2648487,-1.1781999,-0.0731335,1.2648935,-1.1782036,-0.0732157,1.2639592,-1.1783262,-0.0733128,1.2650206,-1.1781977,-0.0732979,1.265028,-1.1782051,-0.0733801,1.2650579,-1.1782066,-0.073425,1.2649832,-1.1782066,-0.0733427,1.2649981,-1.1782066,-0.0733577,1.2650206,-1.1782074,-0.0733876,1.265028,-1.1782104,-0.073425,1.2650505,-1.1782074,-0.073425,1.2650579,-1.1782089,-0.0734474,1.2650804,-1.1782066,-0.0734474,1.2650878,-1.1782074,-0.0734698,1.2649383,-1.1782111,-0.0733353,1.265028,-1.1782104,-0.073425,1.2650131,-1.1782126,-0.0734324,1.2650355,-1.1782119,-0.0734474,1.2650878,-1.1782089,-0.0734773,1.2651177,-1.1782104,-0.0735221,1.2650505,-1.1782163,-0.0735072,1.2650579,-1.1782148,-0.0734997,1.2650729,-1.1782163,-0.0735296,1.2650953,-1.1782171,-0.0735595,1.2650505,-1.1782186,-0.0735296,1.265028,-1.1782223,-0.0735296,1.2649832,-1.1782148,-0.0734175,1.265028,-1.1782141,-0.0734623,1.2650355,-1.1782141,-0.0734623,1.2649907,-1.1782163,-0.0734474,1.2649309,-1.1782148,-0.0733652,1.2649309,-1.1782163,-0.0733726,1.265043,-1.1782126,-0.0734623,1.2651028,-1.1782111,-0.0735221,1.2651028,-1.1782111,-0.0735146,1.2650729,-1.1782148,-0.0735221,1.2650505,-1.1782163,-0.0735072,1.2650056,-1.1782178,-0.0734623,1.2650056,-1.1782163,-0.0734549,1.2650355,-1.1782141,-0.0734698,1.2650206,-1.1782126,-0.0734399,1.2650505,-1.1782126,-0.0734698,1.265028,-1.1782126,-0.0734474,1.2649533,-1.1782141,-0.0733801,1.2649981,-1.1782104,-0.0733951,1.2649907,-1.1782126,-0.07341,1.2650131,-1.1782104,-0.0734025,1.2651028,-1.1782066,-0.0734698,1.2650056,-1.1782141,-0.0734324,1.2649907,-1.1782148,-0.073425,1.265043,-1.1782148,-0.0734848,1.265043,-1.1782148,-0.0734848,1.2650505,-1.1782111,-0.0734623,1.2650654,-1.1782104,-0.0734623,1.265043,-1.1782141,-0.0734773,1.2650878,-1.1782074,-0.0734623,1.2650804,-1.1782089,-0.0734698,1.265043,-1.1782104,-0.0734474,1.2650579,-1.1782104,-0.0734549,1.2650206,-1.1782089,-0.0733951,1.2650579,-1.1782089,-0.0734474,1.2649907,-1.1782111,-0.0733951,1.2650131,-1.1782111,-0.0734175,1.2649832,-1.1782096,-0.0733726,1.2649981,-1.1782051,-0.0733427,1.2650056,-1.1782066,-0.0733726,1.2649533,-1.1782104,-0.0733427,1.2649533,-1.1782089,-0.0733278,1.2649383,-1.1782089,-0.0733128,1.2649832,-1.1782066,-0.0733353,1.2650505,-1.1782051,-0.0733951,1.2649832,-1.1782089,-0.0733652,1.2650131,-1.1782066,-0.0733726,1.2650131,-1.1782089,-0.0733951,1.2650206,-1.1782066,-0.0733876,1.2650206,-1.1782089,-0.0733951,1.2649832,-1.1782066,-0.0733427,1.2649085,-1.1782051,-0.0732381,1.2650355,-1.1782021,-0.0733577,1.265043,-1.1781999,-0.0733427,1.265028,-1.1782036,-0.0733652,1.2650579,-1.1782036,-0.0734025,1.2650131,-1.1782066,-0.0733726,1.265043,-1.1782036,-0.0733801,1.2650729,-1.1782021,-0.0734025,1.265043,-1.1782074,-0.07341,1.2649085,-1.1782074,-0.0732605,1.2649757,-1.1782021,-0.0732979,1.2649608,-1.1782051,-0.0732979,1.2649981,-1.1782021,-0.0733203,1.2650206,-1.1782014,-0.0733278,1.2650505,-1.1781984,-0.0733427,1.2650131,-1.1782036,-0.0733427,1.2650654,-1.1782014,-0.0733876,1.2650131,-1.1782036,-0.0733502,1.2650056,-1.1782051,-0.0733502,1.2650056,-1.1782074,-0.0733726,1.2650131,-1.1782074,-0.0733876,1.2650654,-1.1782051,-0.0734175,1.265043,-1.1782051,-0.0733951,1.2651252,-1.1782021,-0.0734623,1.2649757,-1.1782163,-0.073425,1.2650505,-1.1782066,-0.0734175,1.265028,-1.1782051,-0.0733801,1.265043,-1.1782021,-0.0733726,1.265043,-1.1782036,-0.0733876,1.2650505,-1.1782051,-0.0734025,1.2651252,-1.1781999,-0.0734399,1.2650804,-1.1782066,-0.0734474,1.2650579,-1.1782074,-0.0734324,1.2651103,-1.1782036,-0.0734549,1.265043,-1.1782021,-0.0733726,1.2650131,-1.1781999,-0.0733128,1.2649533,-1.1782036,-0.073283,1.2649832,-1.1782021,-0.0733054,1.2650355,-1.1781984,-0.0733278,1.2650579,-1.1782014,-0.0733726,1.2650804,-1.1782036,-0.073425,1.2650878,-1.1782021,-0.0734175,1.2651177,-1.1781999,-0.0734324,1.2650804,-1.1782021,-0.07341,1.2650804,-1.1782036,-0.073425,1.2650729,-1.1782044,-0.073425,1.2650505,-1.1782021,-0.0733726,1.2650654,-1.1782021,-0.0733951,1.265043,-1.1782036,-0.0733801,1.2650579,-1.1782029,-0.0733951,1.2650355,-1.1782051,-0.0733801,1.2650505,-1.1782014,-0.0733726,1.2649682,-1.1782126,-0.0733801,1.2649458,-1.1782148,-0.0733801,1.2649383,-1.1782163,-0.0733801,1.2649682,-1.1782148,-0.0734025,1.2649981,-1.1782111,-0.0734025,1.2649981,-1.1782104,-0.0733951,1.2649907,-1.1782141,-0.0734175,1.2649907,-1.1782104,-0.0733801,1.2649608,-1.1782126,-0.0733652,1.2649757,-1.1782089,-0.0733502,1.2650206,-1.1782074,-0.0733951,1.2649682,-1.1782089,-0.0733427,1.2650056,-1.1782104,-0.0733951,1.2650206,-1.1782104,-0.0734175,1.2650355,-1.1782111,-0.0734474,1.2650131,-1.1782126,-0.073425,1.2649757,-1.1782163,-0.0734175,1.2650355,-1.1782126,-0.0734549,1.2650953,-1.1782066,-0.0734698,1.2651252,-1.1782066,-0.0734997,1.265043,-1.1782126,-0.0734698,1.2650355,-1.1782148,-0.0734773,1.2649757,-1.1782163,-0.0734175,1.2650056,-1.1782141,-0.073425,1.2650056,-1.1782104,-0.0733951,1.2650654,-1.1782074,-0.0734474,1.265028,-1.1782126,-0.0734474,1.2650804,-1.1782089,-0.0734698,1.2650579,-1.1782141,-0.0734922,1.265043,-1.1782163,-0.0734997,1.2650729,-1.1782141,-0.0735072,1.2650804,-1.1782141,-0.0735146,1.2650505,-1.1782163,-0.0735072,1.2650056,-1.1782186,-0.0734773,1.2650206,-1.1782178,-0.0734773,1.2650729,-1.1782178,-0.0735445,1.2650355,-1.1782178,-0.0734997,1.2650654,-1.1782201,-0.0735595,1.265028,-1.1782201,-0.0735146,1.265028,-1.1782223,-0.0735445,1.265028,-1.1782193,-0.0735146,1.2650505,-1.1782178,-0.0735146,1.265043,-1.1782223,-0.0735595,1.2650131,-1.1782253,-0.0735445,1.2649981,-1.1782268,-0.0735445
2020-09-27.out.6,0.0,1.2650131,-1.1782253,-0.0735445,1.2650729,-1.178229,-0.0736417,1.265043,-1.1782313,-0.0736342,1.2650579,-1.178229,-0.0736268,1.2650654,-1.1782305,-0.0736492,1.265043,-1.1782313,-0.0736342,1.2650206,-1.1782305,-0.0736043,1.2650355,-1.1782343,-0.0736567,1.2650729,-1.1782313,-0.0736716,1.2650579,-1.1782313,-0.0736492,1.2650131,-1.1782313,-0.0736043,1.2649907,-1.1782313,-0.0735819,1.2649757,-1.1782276,-0.0735296,1.2649608,-1.1782253,-0.0734848,1.2650131,-1.1782238,-0.0735371,1.2650206,-1.1782223,-0.0735296,1.265043,-1.1782223,-0.0735595,1.2650131,-1.1782238,-0.0735296,1.2650355,-1.1782216,-0.0735371,1.2650729,-1.1782216,-0.0735744,1.2650579,-1.1782201,-0.073552,1.2650056,-1.1782253,-0.0735371,1.2650206,-1.1782238,-0.0735371,1.2649907,-1.1782268,-0.0735296,1.2649383,-1.1782216,-0.073425,1.2649458,-1.1782223,-0.0734474,1.265043,-1.1782201,-0.0735296,1.265043,-1.1782216,-0.0735445,1.2650206,-1.1782238,-0.0735445,1.2650505,-1.1782201,-0.0735445,1.2651177,-1.1782111,-0.0735296,1.2649234,-1.1782313,-0.0734997,1.2649309,-1.1782223,-0.0734324,1.2648113,-1.178238,-0.0734399,1.2650804,-1.1782163,-0.0735371,1.2647291,-1.1782552,-0.0735072,1.2647067,-1.1782589,-0.0735221,1.2650355,-1.1782238,-0.0735595,1.265043,-1.1782223,-0.073552,1.2648786,-1.1782253,-0.0733951,1.264886,-1.178229,-0.0734399,1.2649234,-1.178229,-0.0734848,1.2650729,-1.1782201,-0.073567,1.2649832,-1.178229,-0.0735445,1.2650056,-1.178229,-0.0735744,1.2648786,-1.1782305,-0.0734474,1.2648038,-1.1782268,-0.0733203,1.2648561,-1.1782268,-0.0733876,1.2649085,-1.1782253,-0.0734324,1.264886,-1.178229,-0.0734399,1.2649085,-1.1782223,-0.0734025,1.2649159,-1.1782186,-0.0733801,1.2649309,-1.1782223,-0.073425,1.2649757,-1.1782201,-0.0734623,1.2649608,-1.1782216,-0.0734549,1.2649832,-1.1782201,-0.0734623,1.2649458,-1.1782238,-0.0734623,1.2649682,-1.1782216,-0.0734623,1.2649832,-1.1782216,-0.0734773,1.2649757,-1.1782216,-0.0734698,1.2649458,-1.1782216,-0.0734474,1.2649682,-1.1782178,-0.0734324,1.2649309,-1.1782186,-0.0733951,1.264901,-1.1782148,-0.0733278,1.2649085,-1.1782148,-0.0733353,1.2649533,-1.1782126,-0.0733652,1.2649533,-1.1782141,-0.0733801,1.264901,-1.1782148,-0.0733278,1.2649907,-1.1782089,-0.0733726,1.2649085,-1.1782104,-0.0732904,1.264901,-1.1782111,-0.0732904,1.2649608,-1.1782104,-0.0733502,1.2650056,-1.1782021,-0.0733278,1.2648487,-1.1782051,-0.0731783,1.2648561,-1.1782021,-0.0731559,1.2648935,-1.1782014,-0.0731933,1.2648711,-1.1782021,-0.0731783,1.2649309,-1.1781999,-0.0732157,1.2649309,-1.1781999,-0.0732157,1.2649682,-1.1781999,-0.0732605,1.2649608,-1.1781984,-0.0732456,1.2649533,-1.1782021,-0.073268,1.2649458,-1.1782036,-0.073268,1.2648786,-1.1782051,-0.0732157,1.2649383,-1.1781999,-0.0732306,1.264886,-1.1782036,-0.0732082,1.2649458,-1.1782014,-0.0732456,1.2649159,-1.1781999,-0.0732082,1.2649458,-1.1781977,-0.0732157,1.2647664,-1.1781977,-0.0730139,1.2647739,-1.1781887,-0.0729466,1.2648113,-1.1781872,-0.072969,1.2647889,-1.1781872,-0.0729466,1.2648636,-1.1781857,-0.0730214,1.2649234,-1.1781857,-0.0730811,1.2649458,-1.1781857,-0.073111,1.2649608,-1.1781894,-0.0731634,1.2649832,-1.1781924,-0.0732082,1.2649383,-1.1781872,-0.073111,1.2649159,-1.1781939,-0.0731484,1.2647814,-1.1781924,-0.0729915,1.2648337,-1.1781932,-0.0730587,1.2647067,-1.1781835,-0.0728196,1.264886,-1.1781782,-0.0729765,1.2649757,-1.1781797,-0.0730886,1.2649757,-1.1781812,-0.0730961,1.2649533,-1.178182,-0.0730811,1.2648786,-1.1781797,-0.072984,1.2648711,-1.1781797,-0.072969,1.2649085,-1.178176,-0.0729765,1.2648786,-1.1781797,-0.0729765,1.2648636,-1.178179,-0.0729466,1.2648935,-1.178176,-0.0729616,1.2649085,-1.1781812,-0.0730214,1.264901,-1.1781812,-0.0730139,1.2648636,-1.178185,-0.0730139,1.264886,-1.178182,-0.0730064,1.2649458,-1.178185,-0.0730961,1.2649383,-1.178182,-0.0730662,1.265043,-1.1781767,-0.0731335,1.2649981,-1.1781864,-0.0731708,1.2649608,-1.1781857,-0.0731335,1.2649383,-1.1781909,-0.0731484,1.2649608,-1.1781909,-0.0731708,1.2649907,-1.1781864,-0.0731634,1.2651626,-1.178167,-0.0731708,1.2650579,-1.1781775,-0.0731559,1.2649085,-1.1781932,-0.0731409,1.2648262,-1.1782059,-0.0731559,1.2648038,-1.1782021,-0.0731036,1.2648262,-1.1782051,-0.0731559,1.2647963,-1.1782059,-0.0731335,1.264759,-1.1782074,-0.0730961,1.2647739,-1.1782074,-0.0731185,1.2647664,-1.1782096,-0.0731335,1.2647889,-1.1782059,-0.073126,1.2647739,-1.1782096,-0.0731409,1.2648188,-1.1782036,-0.0731335,1.2648038,-1.1782051,-0.073126,1.2649309,-1.1781909,-0.0731409,1.2649682,-1.1781924,-0.0731933,1.2648337,-1.1781977,-0.0730886,1.2649085,-1.1781887,-0.0730961,1.2647515,-1.1782051,-0.0730737,1.2646842,-1.1781924,-0.0728793,1.2650579,-1.1781573,-0.072969,1.2649981,-1.1781693,-0.0730214,1.2648711,-1.1781872,-0.0730363,1.2649309,-1.1781812,-0.0730438,1.2649832,-1.1781745,-0.0730438,1.2649907,-1.1781782,-0.0730961,1.2650505,-1.1781745,-0.073126,1.2650579,-1.1781633,-0.0730288,1.2651476,-1.1781543,-0.0730438,1.2648711,-1.1781894,-0.0730587,1.2647365,-1.1781947,-0.0729616,1.2647365,-1.1781962,-0.072969,1.2641536,-1.1782702,-0.0730064,1.2639966,-1.1782687,-0.0728196,1.2639966,-1.1782679,-0.0728121,1.2641835,-1.1782567,-0.0729167,1.2642881,-1.1782403,-0.0728793,1.26446,-1.1782238,-0.0729167,1.2644824,-1.1782238,-0.0729466,1.2647141,-1.1781962,-0.0729466,1.2647365,-1.1781932,-0.0729466,1.2648935,-1.1781797,-0.0729915,1.2648935,-1.178182,-0.0730139,1.2648786,-1.1781812,-0.072984,1.2647664,-1.1781835,-0.0728868,1.2648412,-1.178182,-0.0729616,1.2648561,-1.178182,-0.0729765,1.264886,-1.178182,-0.0730139,1.2649085,-1.1781812,-0.0730214,1.2649309,-1.1781812,-0.0730438,1.2649234,-1.178185,-0.0730737,1.2649234,-1.1781835,-0.0730587,1.2648935,-1.1781872,-0.0730587,1.2649159,-1.1781872,-0.0730886,1.2649159,-1.1781857,-0.0730737,1.2649085,-1.1781887,-0.0730961,1.2648786,-1.1781887,-0.0730587,1.2648561,-1.1781857,-0.0730139,1.2648786,-1.1781872,-0.0730513,1.2648636,-1.1781894,-0.0730587,1.2648561,-1.178185,-0.0729989,1.2648337,-1.1781827,-0.0729541,1.2648561,-1.1781797,-0.0729541,1.264886,-1.178182,-0.0730064,1.2648337,-1.1781782,-0.0729167,1.2648711,-1.178176,-0.0729317,1.2648487,-1.178176,-0.0729092,1.2648786,-1.1781782,-0.072969,1.2648935,-1.1781767,-0.072969,1.2648711,-1.1781782,-0.0729616,1.2648412,-1.1781782,-0.0729242,1.2648487,-1.1781767,-0.0729167,1.2648711,-1.1781782,-0.0729541,1.2648711,-1.1781782,-0.0729541,1.264901,-1.178176,-0.072969,1.2649085,-1.178176,-0.0729765,1.2649085,-1.178176,-0.0729765,1.2649309,-1.1781745,-0.0729915,1.2648412,-1.178173,-0.0728793,1.2648935,-1.1781693,-0.0729018,1.2649533,-1.1781648,-0.0729242,1.2649085,-1.1781633,-0.0728644,1.2649458,-1.178161,-0.0728793,1.264901,-1.1781648,-0.0728569,1.2649309,-1.1781633,-0.0728868,1.2649757,-1.1781595,-0.0729018,1.2649608,-1.1781595,-0.0728793,1.2649907,-1.1781558,-0.0728793,1.2649757,-1.1781595,-0.0729018,1.2649907,-1.1781558,-0.0728793,1.2649907,-1.1781573,-0.0728868,1.2649682,-1.178161,-0.0729018,1.2649458,-1.178161,-0.0728793,1.2649907,-1.1781543,-0.0728644,1.2649458,-1.178158,-0.0728569,1.2649159,-1.178161,-0.0728495,1.2648636,-1.178158,-0.0727598,1.264886,-1.1781618,-0.0728196,1.2648935,-1.178158,-0.0728046,1.2649533,-1.1781558,-0.072842,1.2649757,-1.1781528,-0.072842,1.2650056,-1.1781521,-0.0728644,1.2649682,-1.1781558,-0.0728569,1.2649383,-1.1781543,-0.0728121,1.2649981,-1.1781453,-0.0728046,1.2649757,-1.1781491,-0.0728046,1.2649608,-1.1781506,-0.0728046,1.2649682,-1.1781506,-0.0728121,1.2649832,-1.1781521,-0.0728345,1.2649383,-1.1781528,-0.0728046,1.2649608,-1.1781491,-0.0727897,1.2650206,-1.1781453,-0.0728196,1.2649085,-1.1781483,-0.0727224,1.2649383,-1.1781446,-0.0727224,1.2649383,-1.1781431,-0.0727074,1.2649159,-1.1781409,-0.0726626,1.2649383,-1.1781379,-0.0726626,1.2649533,-1.1781394,-0.072685,1.2649234,-1.1781379,-0.0726402,1.2649383,-1.1781379,-0.0726626,1.2649608,-1.1781356,-0.0726701,1.2649608,-1.1781356,-0.0726626,1.2649533,-1.1781364,-0.0726626,1.2649458,-1.1781394,-0.072685,1.2650131,-1.1781364,-0.0727373,1.2649458,-1.1781416,-0.0727074,1.2649608,-1.1781379,-0.0726925,1.2649682,-1.1781394,-0.0727074,1.2650953,-1.1781229,-0.0726925,1.2650878,-1.1781281,-0.0727299,1.2651177,-1.1781244,-0.0727373,1.2651402,-1.1781214,-0.0727299,1.2651028,-1.1781267,-0.0727373,1.2651103,-1.1781252,-0.0727373,1.2650579,-1.1781281,-0.0726925,1.2650505,-1.1781281,-0.0726925,1.265043,-1.1781244,-0.0726476,1.2650505,-1.1781244,-0.0726551,1.2650579,-1.1781252,-0.0726775,1.265043,-1.1781252,-0.0726626,1.2649907,-1.1781281,-0.0726252,1.265028,-1.1781252,-0.0726402,1.2650505,-1.1781229,-0.0726476,1.265043,-1.1781207,-0.0726103,1.2651028,-1.1781207,-0.072685,1.2650131,-1.1781214,-0.0725879,1.2650505,-1.1781192,-0.0726103,1.2650579,-1.1781207,-0.0726252,1.2650579,-1.1781229,-0.0726551,1.2651252,-1.1781177,-0.0726775,1.2650729,-1.1781207,-0.0726476,1.2650654,-1.1781192,-0.0726252,1.2650505,-1.1781214,-0.0726327,1.2650579,-1.1781192,-0.0726178,1.2650505,-1.1781207,-0.0726178,1.2651103,-1.1781154,-0.0726402,1.2650804,-1.1781169,-0.0726178,1.2650579,-1.1781207,-0.0726327,1.2650729,-1.1781177,-0.0726178,1.2650804,-1.1781177,-0.0726327,1.2650355,-1.1781244,-0.0726402,1.2650804,-1.1781177,-0.0726252,1.2650878,-1.1781139,-0.0726028,1.2649757,-1.1781192,-0.0725281,1.2648188,-1.1781409,-0.0725505,1.2650131,-1.1781169,-0.072543,1.2649682,-1.1781207,-0.0725355,1.265028,-1.1781192,-0.0725879,1.2649907,-1.1781192,-0.072543,1.2650355,-1.1781154,-0.072558,1.2650505,-1.1781169,-0.0725879,1.2650056,-1.1781207,-0.0725654,1.2649907,-1.1781229,-0.0725804,1.2649907,-1.1781229,-0.0725804,1.2649981,-1.1781177,-0.072543,1.2649907,-1.1781192,-0.0725505,1.2650206,-1.1781154,-0.072543,1.2650505,-1.1781177,-0.0726028,1.2650131,-1.1781252,-0.0726252,1.2650355,-1.1781252,-0.0726551,1.2650131,-1.1781267,-0.0726402,1.2649832,-1.1781252,-0.0725879,1.2649383,-1.1781244,-0.0725355,1.2649085,-1.1781267,-0.0725206,1.2649533,-1.1781229,-0.0725355,1.2650579,-1.1781192,-0.0726178,1.265028,-1.1781229,-0.0726178,1.265028,-1.1781192,-0.0725879,1.2649757,-1.1781244,-0.0725729,1.2649608,-1.1781252,-0.0725654,1.2650056,-1.1781267,-0.0726252,1.265043,-1.1781244,-0.0726476,1.2650355,-1.1781229,-0.0726252,1.2650505,-1.1781267,-0.0726775,1.2650804,-1.1781267,-0.0727149,1.2651028,-1.1781252,-0.0727299,1.2650878,-1.1781289,-0.0727448,1.2650804,-1.1781281,-0.0727299,1.2651177,-1.1781267,-0.0727523,1.2650729,-1.1781267,-0.0727,1.2649981,-1.1781341,-0.0726925,1.2649907,-1.1781364,-0.0727074,1.2650804,-1.1781304,-0.0727448,1.265043,-1.1781319,-0.0727224,1.2649832,-1.1781341,-0.0726775,1.2650056,-1.1781334,-0.072685,1.2650131,-1.1781341,-0.0727074,1.2649533,-1.1781356,-0.0726551,1.2649383,-1.1781379,-0.0726626,1.2650056,-1.1781319,-0.0726775,1.2649981,-1.1781304,-0.0726626,1.2649682,-1.1781304,-0.0726252,1.2649757,-1.1781281,-0.0726103,1.2643255,-1.1782051,-0.0725953,1.2650056,-1.1781244,-0.0726103,1.2649981,-1.1781207,-0.072558,1.265028,-1.1781207,-0.0725953,1.2650505,-1.1781229,-0.0726476,1.2650056,-1.1781281,-0.0726476,1.265043,-1.1781229,-0.0726402,1.2650505,-1.1781229,-0.0726476,1.2650878,-1.1781214,-0.0726775,1.265028,-1.1781289,-0.0726775,1.2649757,-1.1781334,-0.0726551,1.2650206,-1.1781267,-0.0726476,1.2650131,-1.1781252,-0.0726252,1.2650131,-1.1781289,-0.0726701,1.2649981,-1.1781304,-0.0726551,1.2650056,-1.1781289,-0.0726476,1.2649907,-1.1781267,-0.0726178,1.2649757,-1.1781281,-0.0726103,1.2650131,-1.1781229,-0.0726028,1.2651327,-1.1781125,-0.0726402,1.2651551,-1.178108,-0.0726252,1.265185,-1.1781012,-0.0725953,1.2649682,-1.1781289,-0.0726103,1.2649234,-1.1781334,-0.0726028,1.2649608,-1.1781281,-0.0725879,1.2649757,-1.1781289,-0.0726252,1.2649757,-1.1781304,-0.0726252,1.2649981,-1.1781289,-0.0726402,1.2649458,-1.1781334,-0.0726252,1.2649234,-1.1781334,-0.0725953,1.2650206,-1.1781214,-0.0726028,1.2649907,-1.1781252,-0.0726103,1.2650056,-1.1781281,-0.0726402,1.2649458,-1.1781319,-0.0726103,1.2649682,-1.1781319,-0.0726402,1.2649757,-1.1781319,-0.0726402,1.2649608,-1.1781319,-0.0726327,1.2650056,-1.1781267,-0.0726327,1.2649682,-1.1781304,-0.0726252,1.2649458,-1.1781326,-0.0726178,1.2650206,-1.1781281,-0.0726551,1.2649757,-1.1781304,-0.0726402,1.265043,-1.1781252,-0.0726626,1.265043,-1.1781229,-0.0726402,1.2649832,-1.1781267,-0.0726103,1.2650206,-1.1781281,-0.0726551,1.2649608,-1.1781304,-0.0726178,1.2649159,-1.1781289,-0.0725505,1.2649159,-1.1781252,-0.0725206,1.2649383,-1.1781229,-0.0725206,1.2649682,-1.1781244,-0.0725654,1.2649533,-1.1781289,-0.0725953,1.2649682,-1.1781281,-0.0725953,1.2649608,-1.1781267,-0.0725804,1.2649907,-1.1781244,-0.0725953,1.2649907,-1.1781229,-0.0725879,1.2649981,-1.1781207,-0.0725654,1.2649981,-1.1781252,-0.0726103,1.265028,-1.1781229,-0.0726252,1.2650505,-1.1781177,-0.0726028,1.2650355,-1.1781229,-0.0726252,1.2649383,-1.1781192,-0.0724832,1.2650206,-1.1781102,-0.0724982,1.265028,-1.1781125,-0.0725281,1.265043,-1.1781125,-0.0725505,1.2650131,-1.1781154,-0.0725355,1.2650206,-1.1781139,-0.0725281,1.2650355,-1.1781139,-0.0725505,1.2650206,-1.1781139,-0.0725355,1.2649907,-1.1781139,-0.0724982,1.2650131,-1.1781117,-0.0724982,1.265028,-1.1781102,-0.0725056,1.2649981,-1.1781125,-0.0724907,1.2649981,-1.1781117,-0.0724832,1.265043,-1.178108,-0.0724982,1.2649608,-1.1781087,-0.0724234,1.2642134,-1.1781894,-0.0723337,1.264759,-1.1781252,-0.0723487,1.2648038,-1.1781229,-0.0723711,1.2648561,-1.1781214,-0.072416,1.2649234,-1.1781244,-0.0725206,1.2649159,-1.1781252,-0.0725131,1.2648412,-1.1781267,-0.0724533,1.2648487,-1.1781207,-0.0723935,1.2648711,-1.1781177,-0.072401,1.2648935,-1.1781087,-0.0723412,1.2648935,-1.1781065,-0.0723188,1.2649309,-1.1781027,-0.0723263,1.2649159,-1.1781042,-0.0723188,1.2649458,-1.178105,-0.0723711,1.2649757,-1.1781012,-0.0723562,1.2649458,-1.1781027,-0.0723412,1.2649682,-1.1781065,-0.072401,1.2650355,-1.178099,-0.072401,1.2649682,-1.1781087,-0.0724234,1.2649757,-1.1781117,-0.0724608,1.2649907,-1.1781065,-0.0724234,1.2649383,-1.1781169,-0.0724608,1.2649085,-1.1781177,-0.0724458,1.2649085,-1.1781207,-0.0724683,1.2649309,-1.1781154,-0.0724458,1.2649234,-1.1781102,-0.0723935,1.2648561,-1.1781102,-0.0723113,1.2650729,-1.1780848,-0.0723188,1.2647291,-1.1781192,-0.0722515,1.2649757,-1.1780885,-0.072244,1.2647515,-1.1781177,-0.0722665,1.2647814,-1.1781154,-0.0722739,1.2647889,-1.1781117,-0.0722515,1.2648038,-1.1781125,-0.0722739,1.2647515,-1.1781177,-0.0722665,1.2648113,-1.1781102,-0.072259,1.2648561,-1.1781087,-0.0723038,1.2648113,-1.1781139,-0.0722964,1.2648038,-1.1781125,-0.0722814,1.2648337,-1.1781139,-0.0723188,1.2648487,-1.1781154,-0.0723487,1.2650729,-1.1780915,-0.0723786,1.2649383,-1.1781012,-0.0723188,1.265028,-1.1780923,-0.0723412,1.2651028,-1.1780788,-0.0722964,1.2651402,-1.1780736,-0.0722889,1.2650355,-1.1780811,-0.072244,1.2650505,-1.1780885,-0.0723337,1.2649159,-1.1781012,-0.0722964,1.2650505,-1.17809,-0.0723412,1.2651327,-1.1780848,-0.0723861,1.2649159,-1.178108,-0.0723562,1.2649085,-1.1781102,-0.0723711,1.2648262,-1.178105,-0.0722366,1.2648487,-1.178099,-0.0721992,1.2649159,-1.17809,-0.0721992,1.2648561,-1.1780885,-0.072117,1.2649832,-1.1780826,-0.0721992,1.2650355,-1.1780751,-0.0721843,1.264901,-1.178096,-0.0722366,1.2649533,-1.1780863,-0.0722067,1.2653046,-1.1780482,-0.0722366,1.265342,-1.1780444,-0.0722515,1.2649832,-1.1780953,-0.0723113,1.265028,-1.1780953,-0.0723711,1.2651925,-1.1780773,-0.0723786,1.2650056,-1.1780938,-0.0723337,1.2649907,-1.1780975,-0.0723487,1.2648113,-1.1781065,-0.0722291,1.2645646,-1.1781102,-0.0719899,1.2646618,-1.1781042,-0.0720422,1.2647291,-1.1781012,-0.0720946,1.264744,-1.178105,-0.0721394,1.2647814,-1.1781042,-0.0721768,1.2648038,-1.178099,-0.0721469,1.2648412,-1.178105,-0.0722515,1.264901,-1.178099,-0.072259,1.2649309,-1.1780923,-0.0722366,1.2649608,-1.17809,-0.072244,1.2649458,-1.1780923,-0.072244,1.2649608,-1.1780923,-0.0722665,1.2649682,-1.1780953,-0.0723038,1.2648786,-1.1780975,-0.0722291,1.2649757,-1.1780863,-0.0722291,1.2649981,-1.1780803,-0.0721917,1.2649907,-1.1780788,-0.0721693,1.2647216,-1.1781117,-0.0721768,1.2646244,-1.1781244,-0.0721843,1.2645721,-1.1781304,-0.0721843,1.2645945,-1.1781319,-0.0722216,1.2645123,-1.1781416,-0.0722291,1.2647963,-1.1781072,-0.0722216,1.2649159,-1.1780878,-0.0721693,1.2650878,-1.1780601,-0.0721095,1.2651551,-1.1780519,-0.0721095,1.2652224,-1.1780482,-0.0721469,1.2651999,-1.1780519,-0.0721544,1.2651103,-1.1780571,-0.072102,1.2651177,-1.1780564,-0.072102,1.2650579,-1.1780609,-0.0720796,1.2650878,-1.1780639,-0.0721394,1.2650654,-1.1780684,-0.0721618,1.2650579,-1.1780684,-0.0721544,1.2650579,-1.1780684,-0.0721544,1.2650579,-1.1780661,-0.0721319,1.2651028,-1.1780571,-0.072102,1.2650056,-1.1780586,-0.0719974,1.2650056,-1.1780594,-0.0720123,1.2650654,-1.1780661,-0.0721394,1.265028,-1.1780721,-0.0721544,1.2649533,-1.1780863,-0.0722067,1.2649383,-1.1780878,-0.0721992,1.2648786,-1.1780878,-0.0721319,1.2649085,-1.178084,-0.0721319,1.2648935,-1.1780885,-0.0721618,1.2650206,-1.1780758,-0.0721843,1.2649907,-1.1780811,-0.0721992,1.2649832,-1.1780826,-0.0721992,1.2649981,-1.1780826,-0.0722141,1.2649159,-1.1780751,-0.0720572,1.2649383,-1.1780721,-0.0720497,1.2649309,-1.1780721,-0.0720497,1.2649309,-1.1780736,-0.0720572,1.2649458,-1.1780713,-0.0720572,1.2649608,-1.1780713,-0.0720721,1.2650355,-1.1780639,-0.0720871,1.2649234,-1.1780549,-0.0718778,1.2649309,-1.1780519,-0.0718629,1.2649383,-1.1780519,-0.0718703,1.2649383,-1.1780571,-0.0719152,1.2649682,-1.1780519,-0.0719077,1.2649608,-1.1780534,-0.0719077,1.2650878,-1.178037,-0.0719002,1.2648636,-1.1780624,-0.0718778,1.2648487,-1.1780624,-0.0718629,1.2648113,-1.1780698,-0.0718928,1.2648113,-1.1780684,-0.0718778,1.2648711,-1.1780713,-0.0719675,1.2648412,-1.1780758,-0.0719825,1.2647963,-1.1780684,-0.0718554,1.2646768,-1.1780698,-0.0717433,1.2647515,-1.1780721,-0.0718479,1.2648113,-1.1780684,-0.0718853,1.2648487,-1.1780684,-0.0719152,1.2648487,-1.1780646,-0.0718853,1.2648711,-1.1780639,-0.0719002,1.2648487,-1.1780661,-0.0718928,1.2648561,-1.1780609,-0.0718629,1.2648412,-1.1780684,-0.0719152,1.2648113,-1.1780676,-0.0718629,1.2648038,-1.1780646,-0.071833,1.264759,-1.1780549,-0.0716984,1.2647889,-1.1780385,-0.0715788,1.2634734,-1.1782044,-0.0716461,1.2646543,-1.1780474,-0.0715041,1.2649085,-1.178019,-0.071534,1.2649085,-1.1780243,-0.0715863,1.2649533,-1.1780205,-0.0716013,1.2649458,-1.1780205,-0.0715863,1.2649608,-1.1780153,-0.0715564,1.2650206,-1.1780145,-0.0716087,1.2649383,-1.1780168,-0.0715415,1.2649159,-1.1780145,-0.0714892,1.2649383,-1.1780168,-0.0715415,1.2649907,-1.1780205,-0.0716386,1.2649757,-1.178022,-0.0716312,1.2648487,-1.178019,-0.0714667,1.2649159,-1.1780183,-0.0715265,1.2649234,-1.1780272,-0.0716237,1.2649383,-1.1780272,-0.0716386,1.2650505,-1.1780168,-0.0716685,1.2649832,-1.178013,-0.0715639,1.2649757,-1.1780093,-0.0715191,1.2649981,-1.1780056,-0.0715041,1.2649907,-1.1780108,-0.0715415,1.2650579,-1.1780078,-0.0715938,1.2649981,-1.1780108,-0.071549,1.2649533,-1.178013,-0.0715265,1.2649533,-1.1780093,-0.0714892,1.265028,-1.1780003,-0.0714892,1.2649533,-1.1780116,-0.0715116,1.2649608,-1.1780116,-0.0715191,1.2649981,-1.1780168,-0.0716087,1.2650056,-1.178013,-0.0715863,1.2650579,-1.1780145,-0.0716461,1.2649533,-1.178022,-0.0716087,1.2650056,-1.1780153,-0.0716087,1.2650878,-1.1780145,-0.071691,1.2650206,-1.1780071,-0.0715415,1.2649383,-1.1779981,-0.0713696,1.2649682,-1.1779981,-0.0713995,1.2649085,-1.1780003,-0.0713546,1.2648935,-1.1780041,-0.071377,1.2649309,-1.1780116,-0.0714892,1.2650206,-1.1780026,-0.0715116,1.2649682,-1.1780018,-0.0714368,1.2649458,-1.1780026,-0.0714219,1.2649757,-1.1780003,-0.0714368,1.2649682,-1.1780018,-0.0714294,1.2649234,-1.1780018,-0.071392,1.2650056,-1.1779944,-0.0714144,1.2649832,-1.1779891,-0.0713397,1.2650206,-1.1779929,-0.0714219,1.2649907,-1.1780018,-0.0714667,1.265028,-1.1779996,-0.0714817,1.2649608,-1.1779981,-0.0713995,1.2649682,-1.1779996,-0.0714144,1.2649757,-1.1779951,-0.071392,1.2649682,-1.1779929,-0.0713546,1.265028,-1.1779802,-0.0713023,1.2649309,-1.1779689,-0.071093,1.2649832,-1.1779742,-0.0711977,1.2649458,-1.1779854,-0.0712649,1.2650056,-1.1779802,-0.0712874,1.2650878,-1.1779704,-0.0712799,1.2649832,-1.1779779,-0.071235,1.2649907,-1.1779817,-0.0712799,1.2649907,-1.1779787,-0.0712575,1.2650206,-1.1779802,-0.0712948,1.2649832,-1.1779854,-0.0713023,1.265028,-1.1779869,-0.0713621,1.2649682,-1.1779787,-0.0712276,1.2649682,-1.1779831,-0.0712649,1.2645123,-1.1780332,-0.0712201,1.2648935,-1.1779944,-0.0712874,1.2648711,-1.1779966,-0.0712874,1.2649458,-1.1779944,-0.0713397,1.2649309,-1.1780003,-0.071392,1.2647141,-1.1779929,-0.0710781,1.2648561,-1.1779854,-0.0711603,1.2648337,-1.1779831,-0.0711155,1.2649159,-1.1779817,-0.0711902,1.2648786,-1.1779779,-0.0711229,1.2648935,-1.1779704,-0.0710706,1.264886,-1.1779712,-0.0710631,1.2648711,-1.1779689,-0.0710258,1.2648636,-1.1779742,-0.0710706,1.2647889,-1.1779712,-0.0709585,1.2648935,-1.1779704,-0.0710631,1.2649159,-1.177966,-0.0710557,1.264886,-1.1779585,-0.070951,1.2648935,-1.177954,-0.0709136,1.2649085,-1.1779562,-0.070951,1.2649234,-1.17796,-0.0710033,1.2649159,-1.1779637,-0.0710258,1.2649533,-1.1779667,-0.0711005,1.2649234,-1.1779615,-0.0710183,1.2648561,-1.1779562,-0.0708912,1.2648786,-1.177954,-0.0708912,1.2649085,-1.1779577,-0.070966,1.2649309,-1.1779585,-0.0709959,1.2649682,-1.1779577,-0.0710258,1.2649085,-1.1779525,-0.0709136,1.264886,-1.1779488,-0.0708539,1.2648412,-1.1779473,-0.0707941,1.2648935,-1.1779473,-0.0708613,1.2649085,-1.1779413,-0.0708165,1.2648711,-1.1779361,-0.0707268,1.2649234,-1.1779376,-0.0707941,1.2649533,-1.1779346,-0.0708015,1.2649458,-1.1779383,-0.0708314,1.2649832,-1.1779301,-0.0707866,1.2650131,-1.1779271,-0.0708015,1.2649533,-1.1779271,-0.0707343,1.2649383,-1.1779219,-0.070667,1.2649159,-1.1779219,-0.0706446,1.2650056,-1.1779249,-0.0707642,1.2649757,-1.1779256,-0.0707417,1.2649832,-1.1779219,-0.0707193,1.2650131,-1.1779174,-0.0707118,1.2649682,-1.1779249,-0.0707268,1.2650206,-1.1779219,-0.0707567,1.2649981,-1.1779234,-0.0707492,1.2649832,-1.1779234,-0.0707268,1.2650206,-1.1779219,-0.0707642,1.2649757,-1.1779219,-0.0707118,1.2649533,-1.1779249,-0.0707118,1.2649981,-1.1779249,-0.0707642,1.265028,-1.1779263,-0.070809,1.2649682,-1.1779219,-0.0707044,1.2649981,-1.1779211,-0.0707268,1.2650579,-1.1779181,-0.0707716,1.2650056,-1.1779234,-0.0707567,1.2650056,-1.1779219,-0.0707492,1.2650131,-1.1779174,-0.0707118,1.2650355,-1.1779174,-0.0707268,1.2649383,-1.1779219,-0.0706745,1.2649757,-1.1779196,-0.0706894,1.2649907,-1.1779174,-0.0706894,1.2649907,-1.1779196,-0.0707118,1.264901,-1.1779196,-0.0706072,1.2649682,-1.1779174,-0.0706595,1.2649234,-1.1779069,-0.07051,1.2648935,-1.1779121,-0.0705325,1.2649533,-1.1779047,-0.070525,1.2649159,-1.1779032,-0.0704727,1.2649533,-1.1779099,-0.0705698,1.2649682,-1.1779121,-0.0706147,1.2650206,-1.1779107,-0.0706521,1.2649832,-1.1779144,-0.0706446,1.2649832,-1.1779174,-0.070667,1.2650505,-1.1779144,-0.0707268,1.2649757,-1.1779181,-0.0706745,1.2649682,-1.1779159,-0.0706521,1.2649907,-1.1779136,-0.0706446,1.265028,-1.1779196,-0.0707492,1.2650206,-1.1779196,-0.0707417,1.2649981,-1.1779211,-0.0707268,1.2649907,-1.1779196,-0.0707118,1.2650206,-1.1779181,-0.0707268,1.2649832,-1.1779196,-0.0706969,1.2649383,-1.1779144,-0.0705997,1.2649458,-1.1779159,-0.0706222,1.2649981,-1.1779144,-0.070667,1.2649981,-1.1779136,-0.0706521,1.2649981,-1.1779099,-0.0706222,1.2649981,-1.1779032,-0.0705624,1.2649757,-1.1779054,-0.0705624,1.2649608,-1.1779136,-0.0706147,1.2649981,-1.1779121,-0.0706446,1.2649981,-1.1779144,-0.070667,1.2650131,-1.1779144,-0.070682,1.2650206,-1.1779084,-0.0706371,1.2650206,-1.1779107,-0.0706521,1.2649981,-1.1779121,-0.0706446,1.2649832,-1.1779144,-0.0706446,1.2649608,-1.1779069,-0.0705624,1.2649234,-1.1779047,-0.0704876,1.2649309,-1.1778994,-0.0704503,1.2649907,-1.1779017,-0.0705399,1.2649533,-1.1779047,-0.070525,1.2649608,-1.1779032,-0.070525,1.2650056,-1.1779032,-0.0705698,1.2649757,-1.1779047,-0.0705549,1.2649608,-1.1779047,-0.0705325,1.2649682,-1.1778994,-0.0704951,1.2649682,-1.1778994,-0.0704876,1.2649682,-1.1779017,-0.0705175,1.2649682,-1.1779032,-0.0705325,1.2649309,-1.1778942,-0.0704129,1.2649832,-1.1778935,-0.0704503,1.265043,-1.1778957,-0.0705399,1.2649981,-1.1778979,-0.0705175,1.2650056,-1.1778979,-0.0705325,1.2650206,-1.1778979,-0.0705474,1.2649981,-1.1778994,-0.070525,1.2650206,-1.1778957,-0.0705175,1.2649458,-1.1779009,-0.0704802,1.2649981,-1.1778994,-0.0705325,1.2649981,-1.1778994,-0.070525,1.2650131,-1.1778957,-0.07051,1.2649981,-1.1778957,-0.0704951,1.2649608,-1.1778935,-0.0704278,1.2649533,-1.1778905,-0.0703979,1.2649981,-1.1778972,-0.0705026,1.2649383,-1.1778942,-0.0704204,1.2649458,-1.1778957,-0.0704353,1.2649682,-1.1778935,-0.0704353,1.2649383,-1.177892,-0.0703979,1.2649757,-1.1778882,-0.0703979,1.2649981,-1.177892,-0.0704577,1.265043,-1.177883,-0.0704278,1.264901,-1.177883,-0.0702709,1.2650206,-1.1778852,-0.0704278,1.2650056,-1.1778852,-0.0704054,1.265043,-1.1778845,-0.0704353,1.2650355,-1.1778808,-0.0703979,1.265028,-1.177883,-0.0704129,1.2650056,-1.1778845,-0.0703979,1.2649533,-1.1778972,-0.0704577,1.2651626,-1.1778651,-0.0703979,1.2650804,-1.1778703,-0.0703531,1.2650804,-1.1778755,-0.0703979,1.2650505,-1.1778778,-0.070383,1.2651626,-1.1778628,-0.0703755,1.2650505,-1.1778808,-0.0704129,1.2649682,-1.1778942,-0.0704503,1.2649981,-1.1778867,-0.0704129,1.2649757,-1.1778867,-0.070383,1.2649533,-1.1778852,-0.0703456,1.2649608,-1.1778867,-0.0703755,1.2649682,-1.1778852,-0.070368,1.2649981,-1.1778845,-0.0703905,1.265043,-1.1778845,-0.0704353,1.2650729,-1.1778763,-0.0703979,1.2650654,-1.1778666,-0.0703008,1.2650804,-1.1778688,-0.0703381,1.2648412,-1.1778867,-0.070241,1.2648636,-1.1778912,-0.0703082,1.2648636,-1.1778905,-0.0703008,1.2649458,-1.1778852,-0.0703456,1.264886,-1.1778905,-0.0703232,1.2649907,-1.177868,-0.0702335,1.2653195,-1.1778337,-0.0702783,1.265327,-1.1778352,-0.0703008,1.2653046,-1.1778352,-0.0702709,1.265028,-1.1778643,-0.0702335,1.265043,-1.1778718,-0.0703157,1.2650206,-1.1778718,-0.0703008,1.2650206,-1.1778703,-0.0702858,1.2650206,-1.1778718,-0.0703008,1.265028,-1.1778718,-0.0703082,1.2649832,-1.1778755,-0.0702858,1.265028,-1.1778725,-0.0703157,1.2650056,-1.177874,-0.0703008,1.2649981,-1.1778688,-0.0702485,1.2649981,-1.1778688,-0.0702485,1.2649682,-1.1778591,-0.0701214,1.2650206,-1.1778651,-0.070241,1.2649832,-1.1778651,-0.0702036,1.2649085,-1.1778755,-0.0702111,1.2648561,-1.1778755,-0.0701513,1.2648561,-1.1778755,-0.0701513,1.2648487,-1.177874,-0.0701289,1.2648487,-1.1778793,-0.0701812,1.2648038,-1.1778755,-0.0700915,1.2647515,-1.1778815,-0.0700915,1.2642956,-1.1779413,-0.0701363,1.2642433,-1.1779286,-0.069957,1.2642881,-1.1779256,-0.0699869,1.2643105,-1.1779293,-0.0700467,1.2645497,-1.1779054,-0.0700915,1.2645273,-1.1779017,-0.0700317,1.2645048,-1.1779107,-0.0700915,1.2644525,-1.1779107,-0.0700317,1.2646244,-1.177892,-0.0700467,1.2647291,-1.1778755,-0.0700018,1.2648262,-1.1778598,-0.0699794,1.2648786,-1.1778553,-0.0699869,1.2649309,-1.1778524,-0.0700168,1.2646618,-1.177892,-0.070084,1.2648188,-1.1778666,-0.0700242,1.2647814,-1.1778688,-0.0700093,1.2646992,-1.1778666,-0.0698897,1.2647067,-1.1778628,-0.0698673,1.2646319,-1.1778479,-0.0696505,1.2648412,-1.1778322,-0.0697402,1.2648337,-1.1778404,-0.0698,1.2649907,-1.1778322,-0.0699046,1.2650206,-1.1778352,-0.069957,1.2649458,-1.1778464,-0.0699794,1.2649234,-1.1778516,-0.0700018,1.2647664,-1.1778651,-0.0699495,1.2649682,-1.1778299,-0.0698523,1.2649234,-1.1778352,-0.0698523,1.2649757,-1.1778284,-0.0698523,1.2649458,-1.1778284,-0.0698224,1.2649159,-1.1778322,-0.069815,1.264901,-1.1778314,-0.0697925,1.2650131,-1.1778172,-0.0697851,1.2650729,-1.1778112,-0.0697925,1.2650654,-1.177812,-0.0698,1.2650804,-1.177815,-0.0698374,1.2650654,-1.1778157,-0.0698299,1.2650654,-1.1778157,-0.0698374,1.2648935,-1.177812,-0.0696057,1.2650131,-1.177815,-0.0697626,1.2649907,-1.1778083,-0.0696804,1.2649981,-1.1778112,-0.0697178,1.2649608,-1.1778068,-0.0696356,1.2649608,-1.1777993,-0.0695608,1.2649309,-1.1777963,-0.069501,1.2650131,-1.1777993,-0.0696206,1.2649981,-1.1777985,-0.0695907,1.2649981,-1.1777918,-0.0695384,1.2649981,-1.1777896,-0.069516,1.2650355,-1.1777918,-0.0695833,1.2649458,-1.1777881,-0.0694487,1.2649159,-1.1777784,-0.0693142,1.264886,-1.1777746,-0.0692544,1.2650056,-1.1777754,-0.0693964,1.2649907,-1.1777694,-0.0693217,1.2649533,-1.1777716,-0.0693067,1.2649085,-1.1777754,-0.0692843,1.2648188,-1.1777701,-0.0691423,1.2650056,-1.1777664,-0.0693142,1.2650131,-1.1777694,-0.0693441,1.2649981,-1.1777754,-0.0693889,1.2649981,-1.1777694,-0.0693291,1.2650579,-1.1777627,-0.0693366,1.2649309,-1.1777604,-0.0691797,1.2650878,-1.1777619,-0.069359,1.2649981,-1.1777642,-0.0692918,1.265028,-1.1777701,-0.069374,1.265043,-1.1777694,-0.0693815,1.265028,-1.1777694,-0.069359,1.265043,-1.1777642,-0.0693366,1.2650206,-1.1777694,-0.0693516,1.2649832,-1.1777694,-0.0693142,1.2649757,-1.1777694,-0.0693067,1.2649981,-1.1777657,-0.0692918,1.2649234,-1.1777657,-0.069217,1.2649533,-1.1777567,-0.0691572,1.2649159,-1.1777462,-0.0690302,1.2648786,-1.1777455,-0.0689704,1.2649832,-1.177738,-0.0690227,1.2649757,-1.177735,-0.0689928,1.265043,-1.1777343,-0.0690601,1.265043,-1.177738,-0.06909,1.265043,-1.1777417,-0.0691273,1.2651252,-1.177735,-0.0691572,1.2650056,-1.177744,-0.0691049,1.2649907,-1.1777387,-0.0690451,1.2649757,-1.177735,-0.0689853,1.2648935,-1.1777253,-0.0688059,1.2649533,-1.177726,-0.0688882,1.2649907,-1.1777275,-0.068933,1.2650505,-1.177729,-0.0690152,1.2650355,-1.177729,-0.0690003,1.2650654,-1.1777328,-0.0690601,1.2650355,-1.1777313,-0.0690227,1.2650654,-1.1777201,-0.068948,1.2649757,-1.1777223,-0.0688807,1.265043,-1.1777223,-0.068948,1.265028,-1.177729,-0.0689853,1.2650953,-1.1777298,-0.069075,1.2650505,-1.1777313,-0.0690451,1.2650579,-1.1777298,-0.0690376,1.2650206,-1.1777328,-0.0690152,1.2650505,-1.1777313,-0.0690376,1.2649533,-1.1777238,-0.0688583,1.2649159,-1.1777186,-0.068776,1.2649981,-1.1777223,-0.0689031,1.2649832,-1.1777171,-0.0688358,1.2649981,-1.1777148,-0.0688284,1.265028,-1.1777148,-0.0688657,1.2649907,-1.1777148,-0.0688284,1.2649907,-1.1777133,-0.0688134,1.2650056,-1.1777186,-0.0688732,1.2650355,-1.1777201,-0.0689181,1.2650654,-1.1777171,-0.068933,1.2650355,-1.1777171,-0.0688956,1.2650206,-1.1777201,-0.0689031,1.2650654,-1.1777163,-0.0689181,1.2650131,-1.1777201,-0.0688882,1.2650804,-1.1777148,-0.0689181,1.2649981,-1.1777096,-0.0687835,1.265028,-1.1777074,-0.0687985,1.2650131,-1.1777059,-0.0687611,1.2649832,-1.1777006,-0.0686864,1.2650355,-1.1777096,-0.0688134,1.2650206,-1.1777074,-0.0687835,1.2650056,-1.1776984,-0.0686864,1.2650804,-1.1777006,-0.068791,1.2650953,-1.1776999,-0.068791,1.2651252,-1.1777036,-0.0688657,1.2651028,-1.1777036,-0.0688433,1.2649981,-1.1777036,-0.0687237,1.2650953,-1.1777006,-0.0688059,1.2650878,-1.1777029,-0.0688209,1.2650953,-1.1777059,-0.0688583,1.2651177,-1.1777088,-0.0689106,1.2651327,-1.1777059,-0.0688956,1.2651103,-1.1777074,-0.0688807,1.2650953,-1.1777021,-0.0688134,1.2651103,-1.1777036,-0.0688508,1.2651177,-1.1777088,-0.0688956,1.2650953,-1.1777088,-0.0688807,1.2651327,-1.1777074,-0.0689106,1.2650878,-1.1777088,-0.0688732,1.2650654,-1.1777096,-0.0688583,1.2651402,-1.1777051,-0.0688882,1.2651028,-1.1777074,-0.0688732,1.2651402,-1.1777059,-0.0689031,1.2651252,-1.1777074,-0.0689031,1.2649757,-1.1777238,-0.0688882,1.2651177,-1.1777074,-0.0688956,1.2650654,-1.1777088,-0.0688433,1.2650654,-1.1777096,-0.0688583,1.2651103,-1.1777126,-0.068933,1.2651028,-1.1777096,-0.0689031,1.2651252,-1.1777133,-0.0689554,1.2651402,-1.1777133,-0.0689704,1.2651327,-1.1777096,-0.068933,1.2651252,-1.1777133,-0.0689629,1.2651252,-1.1777163,-0.0689853,1.2630623,-1.1779622,-0.0689629,1.2650131,-1.1777275,-0.0689629,1.2652149,-1.1777021,-0.0689554,1.2647365,-1.1777567,-0.0689255,1.2647515,-1.1777589,-0.0689629,1.2648113,-1.1777515,-0.0689629,1.2651775,-1.1777059,-0.068948,1.2653046,-1.1776976,-0.0690003,1.2652896,-1.1776961,-0.0689778,1.2649533,-1.177738,-0.0689928,1.2649383,-1.1777373,-0.0689704,1.2649159,-1.1777387,-0.0689554,1.2649383,-1.1777387,-0.0689853,1.2649682,-1.1777402,-0.0690302,1.2649832,-1.1777387,-0.0690376,1.2648786,-1.1777455,-0.0689704,1.2649159,-1.1777425,-0.0689928,1.264901,-1.177744,-0.0689853,1.2648935,-1.1777455,-0.0690003,1.264901,-1.1777425,-0.0689778,1.2649085,-1.177744,-0.0690003,1.2648636,-1.1777492,-0.0690003,1.2649682,-1.1777328,-0.0689554,1.2650505,-1.1777253,-0.0689853,1.2650878,-1.177729,-0.0690601,1.2650654,-1.1777298,-0.0690451,1.2650505,-1.177729,-0.0690152,1.2650505,-1.1777313,-0.0690376,1.2650729,-1.1777238,-0.0689928,1.265043,-1.1777298,-0.0690227,1.265043,-1.1777298,-0.0690227,1.2650505,-1.1777275,-0.0690077,1.2650579,-1.177726,-0.0690003,1.2650729,-1.1777275,-0.0690302
2020-09-27.out.7,0.0,1.2650654,-1.177729,-0.0690302,1.2650654,-1.1777238,-0.0689853,1.2651327,-1.1777223,-0.0690451,1.2650953,-1.1777298,-0.069075,1.2651327,-1.1777328,-0.0691348,1.2651177,-1.1777343,-0.0691348,1.2650953,-1.1777328,-0.0690974,1.2650729,-1.1777343,-0.0690825,1.2650579,-1.1777365,-0.06909,1.2650804,-1.1777402,-0.0691498,1.2650654,-1.1777417,-0.0691498,1.2650579,-1.1777417,-0.0691423,1.2650654,-1.1777387,-0.0691273,1.2651028,-1.1777425,-0.0691946,1.2651028,-1.1777387,-0.0691722,1.2651028,-1.177738,-0.0691572,1.2650953,-1.1777402,-0.0691722,1.2650505,-1.1777402,-0.0691199,1.2651177,-1.1777365,-0.0691647,1.264886,-1.1777627,-0.0691498,1.265043,-1.1777425,-0.0691348,1.2650953,-1.177744,-0.0692021,1.2652597,-1.1777216,-0.0691797,1.2652747,-1.1777178,-0.0691572,1.2652672,-1.1777216,-0.0691871,1.2652896,-1.1777163,-0.0691647,1.2653195,-1.1777111,-0.0691572,1.2652896,-1.1777141,-0.0691423,1.2652672,-1.1777163,-0.0691423,1.2652298,-1.1777186,-0.0691273,1.2653121,-1.1777201,-0.0692245,1.2652523,-1.1777253,-0.0692095,1.2652896,-1.1777275,-0.0692693,1.2654017,-1.1777141,-0.0692693,1.2653718,-1.1777141,-0.069232,1.2653943,-1.1777111,-0.0692394,1.2654092,-1.1777051,-0.0691946,1.2655886,-1.1776857,-0.069217,1.2651775,-1.177738,-0.0692394,1.2649682,-1.1777642,-0.0692469,1.2654017,-1.1777111,-0.0692394,1.2653345,-1.1777148,-0.0692021,1.2653195,-1.1777148,-0.0691871,1.2652822,-1.1777186,-0.0691797,1.2653195,-1.1777201,-0.069232,1.2652597,-1.1777216,-0.0691797,1.2651925,-1.1777343,-0.069217,1.2651626,-1.1777387,-0.0692394,1.2651476,-1.1777417,-0.0692394,1.2651177,-1.1777387,-0.0691871,1.2651402,-1.1777417,-0.069232,1.2650804,-1.177744,-0.0691871,1.2650131,-1.1777492,-0.0691572,1.2648487,-1.1777679,-0.0691498,1.2648262,-1.1777686,-0.0691348,1.2649085,-1.1777679,-0.0692095,1.264886,-1.1777679,-0.0691946,1.2643778,-1.1778225,-0.0691273,1.2643778,-1.1778262,-0.0691647,1.2643853,-1.1778225,-0.0691348,1.2643927,-1.1778187,-0.0691124,1.2644525,-1.177815,-0.0691423,1.2644226,-1.177815,-0.0691124,1.2649981,-1.1777455,-0.0691049,1.2648561,-1.1777664,-0.0691498,1.2647889,-1.1777716,-0.0691199,1.2647664,-1.1777731,-0.0691124,1.2648412,-1.1777657,-0.0691273,1.2648038,-1.1777664,-0.06909,1.2647664,-1.1777716,-0.06909,1.2648262,-1.1777627,-0.069075,1.2648262,-1.1777679,-0.0691273,1.2648711,-1.1777619,-0.0691199,1.2648262,-1.1777664,-0.0691199,1.2648337,-1.1777604,-0.0690675,1.2648412,-1.1777604,-0.069075,1.2647963,-1.1777679,-0.0690974,1.264744,-1.1777679,-0.0690376,1.2647141,-1.1777731,-0.0690451,1.2647365,-1.1777716,-0.0690601,1.2647963,-1.1777679,-0.0690974,1.2648262,-1.1777679,-0.0691273,1.2648038,-1.1777701,-0.0691273,1.2648262,-1.1777679,-0.0691348,1.2648188,-1.1777701,-0.0691423,1.2648038,-1.1777716,-0.0691348,1.2648636,-1.1777701,-0.0691946,1.264886,-1.1777694,-0.0692021,1.2648337,-1.1777664,-0.0691199,1.2648561,-1.1777627,-0.0691124,1.2647889,-1.1777657,-0.0690675,1.2647664,-1.1777657,-0.0690376,1.2647291,-1.1777701,-0.0690451,1.2648113,-1.1777679,-0.0691124,1.2647889,-1.1777694,-0.0690974,1.2648337,-1.1777642,-0.0691049,1.2649085,-1.1777589,-0.0691348,1.2651925,-1.1777201,-0.06909,1.26517,-1.1777201,-0.0690601,1.265185,-1.1777186,-0.0690675,1.2652224,-1.1777148,-0.0690825,1.2651626,-1.1777178,-0.0690376,1.2651626,-1.1777178,-0.0690302,1.2652448,-1.1777096,-0.0690526,1.265185,-1.1777163,-0.0690526,1.2652224,-1.1777148,-0.069075,1.2652896,-1.1777088,-0.06909,1.2652448,-1.1777148,-0.0691049,1.2651402,-1.1777253,-0.069075,1.2651775,-1.177726,-0.0691348,1.2652523,-1.1777238,-0.0691946,1.2652074,-1.1777216,-0.0691199,1.2651925,-1.1777186,-0.069075,1.265185,-1.1777186,-0.0690675,1.26517,-1.1777178,-0.0690451,1.2651103,-1.177726,-0.0690601,1.2652373,-1.1777216,-0.0691572,1.26517,-1.177726,-0.0691199,1.2652523,-1.1777216,-0.0691722,1.2652074,-1.1777238,-0.0691423,1.2651925,-1.1777253,-0.0691348,1.2651402,-1.1777298,-0.0691273,1.2651626,-1.1777275,-0.0691273,1.2652224,-1.1777201,-0.0691273,1.2652224,-1.1777201,-0.0691273,1.2652373,-1.1777186,-0.0691273,1.2652373,-1.1777223,-0.0691647,1.2652373,-1.1777216,-0.0691572,1.2652373,-1.1777178,-0.0691199,1.265185,-1.1777201,-0.0690825,1.2651775,-1.1777238,-0.0691049,1.2651999,-1.1777275,-0.0691647,1.2652523,-1.1777253,-0.0692095,1.2652448,-1.1777245,-0.0691946,1.2652074,-1.177726,-0.0691647,1.2652971,-1.1777253,-0.0692544,1.2652448,-1.1777298,-0.0692394,1.2653195,-1.1777186,-0.0692245,1.2652747,-1.1777163,-0.0691498,1.2652523,-1.1777216,-0.0691722,1.2652298,-1.1777223,-0.0691572,1.2652672,-1.1777201,-0.0691722,1.2652373,-1.1777178,-0.0691199,1.2652373,-1.1777238,-0.0691722,1.2652149,-1.1777253,-0.0691572,1.2652224,-1.1777253,-0.0691722,1.2652523,-1.1777216,-0.0691647,1.2652822,-1.1777148,-0.0691423,1.2652149,-1.1777148,-0.0690675,1.2652149,-1.1777111,-0.0690302,1.2651028,-1.1777238,-0.0690302,1.2652822,-1.1777178,-0.0691647,1.2652224,-1.1777178,-0.0691049,1.2652448,-1.1777141,-0.06909,1.2652224,-1.1777096,-0.0690302,1.2652149,-1.1777059,-0.0689928,1.2651775,-1.1777051,-0.068933,1.2652822,-1.1777021,-0.0690227,1.2652224,-1.1777111,-0.0690451,1.2652896,-1.1777096,-0.0691124,1.2652373,-1.1777111,-0.0690601,1.2653046,-1.1777096,-0.0691199,1.2652523,-1.1777141,-0.0691049,1.2652373,-1.1777148,-0.0690974,1.2652822,-1.1777178,-0.0691647,1.2652298,-1.1777223,-0.0691572,1.2651925,-1.177729,-0.0691722,1.2651775,-1.177726,-0.0691348,1.2652373,-1.1777163,-0.0691124,1.2652747,-1.1777141,-0.0691199,1.2652597,-1.1777178,-0.0691423,1.2652896,-1.1777163,-0.0691647,1.2653345,-1.1777111,-0.0691722,1.2653046,-1.1777096,-0.0691199,1.2652822,-1.1777096,-0.0691049,1.2652822,-1.1777111,-0.0691049,1.2653569,-1.1777148,-0.069232,1.2653121,-1.1777201,-0.069217,1.2651626,-1.1777238,-0.06909,1.2652896,-1.1777163,-0.0691572,1.2652822,-1.1777148,-0.0691423,1.2652298,-1.1777171,-0.0691049,1.2652822,-1.1777148,-0.0691423,1.2652149,-1.1777186,-0.0691049,1.2652149,-1.1777223,-0.0691348,1.2652896,-1.1777186,-0.0691871,1.2652747,-1.1777178,-0.0691572,1.2652523,-1.1777201,-0.0691572,1.2652149,-1.1777223,-0.0691348,1.2652822,-1.1777201,-0.0691871,1.2652896,-1.1777126,-0.0691348,1.2652822,-1.1777141,-0.0691348,1.265327,-1.1777111,-0.0691572,1.2653046,-1.1777096,-0.0691199,1.2652523,-1.1777096,-0.0690675,1.2652896,-1.1777051,-0.0690526,1.2652597,-1.1777088,-0.0690526,1.2652896,-1.1777036,-0.0690451,1.2652224,-1.1777059,-0.0689928,1.2652149,-1.1777126,-0.0690526,1.2652597,-1.1777059,-0.0690376,1.2652672,-1.1777014,-0.0690003,1.2652298,-1.1777036,-0.0689778,1.2652373,-1.1776984,-0.0689405,1.2652672,-1.1777014,-0.0690003,1.2652074,-1.1777088,-0.0690003,1.2651925,-1.1777111,-0.0690152,1.2654541,-1.1776946,-0.0691498,1.2654242,-1.1776999,-0.0691647,1.2652822,-1.1777059,-0.0690675,1.2652672,-1.1777088,-0.069075,1.2652298,-1.1777088,-0.0690302,1.2652523,-1.1777088,-0.0690601,1.265327,-1.1777096,-0.0691498,1.2652448,-1.1777201,-0.0691572,1.2653569,-1.1777096,-0.0691797,1.2652822,-1.1777096,-0.0690974,1.2652298,-1.1777096,-0.0690451,1.2653494,-1.1777088,-0.0691572,1.2652822,-1.1777148,-0.0691423,1.2653494,-1.1777148,-0.069217,1.2652822,-1.1777201,-0.0691946,1.2652597,-1.1777178,-0.0691423,1.2651925,-1.1777201,-0.06909,1.2652597,-1.1777141,-0.0691124,1.2652672,-1.1777178,-0.0691498,1.2652672,-1.1777186,-0.0691647,1.2652822,-1.1777148,-0.0691423,1.2652747,-1.1777111,-0.0691049,1.2652373,-1.1777096,-0.0690451,1.2653121,-1.1777111,-0.0691423,1.2653494,-1.1777223,-0.0692843,1.265327,-1.1777186,-0.069232,1.265327,-1.1777178,-0.069217,1.2652448,-1.1777253,-0.0691946,1.2652597,-1.1777201,-0.0691647,1.2652822,-1.1777148,-0.0691423,1.2652597,-1.1777096,-0.0690675,1.2652597,-1.1777096,-0.0690675,1.2652597,-1.1777126,-0.06909,1.2652298,-1.1777201,-0.0691348,1.2653195,-1.1777163,-0.0691946,1.2652298,-1.1777216,-0.0691423,1.2652448,-1.1777201,-0.0691423,1.265185,-1.1777253,-0.0691348,1.2652597,-1.1777186,-0.0691572,1.265327,-1.1777096,-0.0691498,1.2651925,-1.1777186,-0.069075,1.2652971,-1.1777178,-0.0691797,1.2652971,-1.1777178,-0.0691871,1.2652747,-1.1777216,-0.0691946,1.2653046,-1.1777148,-0.0691722,1.2652822,-1.1777216,-0.0692021,1.2652224,-1.1777186,-0.0691199,1.2652373,-1.1777148,-0.06909,1.2652672,-1.1777088,-0.0690675,1.2652597,-1.1777074,-0.0690451,1.2652747,-1.1777014,-0.0690077,1.2652672,-1.1776984,-0.0689778,1.2652224,-1.1777051,-0.0689853,1.2653046,-1.1777051,-0.069075,1.2652747,-1.1777021,-0.0690227,1.2652971,-1.1776946,-0.0689704,1.2653195,-1.1776932,-0.0689928,1.2652896,-1.1776961,-0.0689853,1.265342,-1.1776887,-0.0689629,1.2653644,-1.1776932,-0.0690376,1.2654242,-1.1776932,-0.0691049,1.2655288,-1.1776707,-0.0690152,1.265185,-1.1777096,-0.0689928,1.2652747,-1.1776961,-0.0689629,1.2652822,-1.1776909,-0.0689255,1.2653121,-1.1776872,-0.0689181,1.2652523,-1.1776984,-0.0689629,1.2653195,-1.1776984,-0.0690302,1.2653345,-1.1777021,-0.06909,1.2653195,-1.1777051,-0.0690974,1.2653046,-1.1777036,-0.0690675,1.2653569,-1.1776976,-0.0690675,1.2653121,-1.1776961,-0.0690003,1.2652747,-1.1777014,-0.0690077,1.2653046,-1.1776984,-0.0690227,1.2653345,-1.1776961,-0.0690302,1.265327,-1.1776932,-0.0690003,1.2652971,-1.1776999,-0.0690227,1.2653345,-1.1776984,-0.0690526,1.2654541,-1.1776932,-0.0691348,1.2654765,-1.1776932,-0.0691572,1.2653718,-1.1776976,-0.0690825,1.2653121,-1.1776946,-0.0689928,1.265342,-1.1776946,-0.0690227,1.2653195,-1.1776924,-0.0689778,1.2652822,-1.1776894,-0.0689106,1.2652298,-1.1776909,-0.0688583,1.2652672,-1.1776887,-0.0688807,1.2653345,-1.1776819,-0.0688956,1.2652672,-1.1776872,-0.0688732,1.2653195,-1.1776909,-0.0689629,1.2652747,-1.1776857,-0.0688657,1.2652822,-1.1776932,-0.068948,1.2652747,-1.1776894,-0.0689031,1.2653046,-1.1776797,-0.0688433,1.2653121,-1.1776767,-0.0688284,1.2652672,-1.1776849,-0.0688433,1.2652971,-1.1776932,-0.0689629,1.2654316,-1.1776819,-0.0690003,1.2653943,-1.1776857,-0.0690003,1.2653345,-1.1776932,-0.0690077,1.265342,-1.1776894,-0.0689778,1.2653121,-1.1776909,-0.0689554,1.2653868,-1.1776872,-0.0690003,1.2652896,-1.1776999,-0.0690152,1.2653644,-1.1777036,-0.0691348,1.2652523,-1.1777074,-0.0690376,1.2652971,-1.1777021,-0.0690451,1.2652747,-1.1777021,-0.0690227,1.2653195,-1.1776961,-0.0690077,1.2652822,-1.1777014,-0.0690227,1.2652896,-1.1776984,-0.0690003,1.2653345,-1.1776961,-0.0690302,1.2652747,-1.1776984,-0.0689853,1.2652074,-1.1777074,-0.0689928,1.2652971,-1.1777051,-0.0690675,1.2652822,-1.1777021,-0.0690227,1.2653195,-1.1776946,-0.0690003,1.265342,-1.1776946,-0.0690227,1.265342,-1.1776946,-0.0690227,1.2653943,-1.1776932,-0.0690675,1.2654316,-1.1776872,-0.0690526,1.2653718,-1.1776887,-0.0690003,1.2652971,-1.1776924,-0.068948,1.2653195,-1.1776894,-0.0689554,1.2653345,-1.1776924,-0.0689928,1.265342,-1.1776909,-0.0689928,1.2653046,-1.1776924,-0.0689629,1.2653046,-1.1776924,-0.0689554,1.2653195,-1.1776857,-0.0689181,1.2652747,-1.1776857,-0.0688657,1.2653046,-1.1776797,-0.0688433,1.2653121,-1.1776887,-0.068933,1.2652747,-1.1776894,-0.0689031,1.2652224,-1.1776894,-0.0688433,1.2652896,-1.1776834,-0.0688583,1.2653121,-1.1776819,-0.0688732,1.2653046,-1.1776804,-0.0688583,1.2652672,-1.1776834,-0.0688358,1.2652298,-1.1776797,-0.0687611,1.2652523,-1.1776722,-0.0687163,1.2652747,-1.1776692,-0.0687163,1.2654017,-1.177658,-0.0687536,1.2653195,-1.1776655,-0.0687312,1.2653569,-1.1776655,-0.068776,1.265327,-1.1776692,-0.068776,1.2651999,-1.177676,-0.0686938,1.2652896,-1.1776722,-0.0687611,1.2653345,-1.1776767,-0.0688508,1.2652523,-1.1776804,-0.0687985,1.2652597,-1.1776804,-0.0688059,1.2652672,-1.1776782,-0.068791,1.2652298,-1.177673,-0.0687013,1.2651999,-1.177673,-0.0686639,1.2652149,-1.1776797,-0.0687462,1.2651775,-1.1776819,-0.0687237,1.2652373,-1.1776797,-0.0687686,1.2652448,-1.1776834,-0.0688059,1.26517,-1.1776857,-0.0687462,1.2651028,-1.1776887,-0.0687013,1.2652822,-1.1776745,-0.0687686,1.2653494,-1.177673,-0.0688358,1.265342,-1.177673,-0.0688209,1.2653121,-1.1776707,-0.0687686,1.2652822,-1.1776722,-0.0687536,1.2652523,-1.177673,-0.0687237,1.2652896,-1.1776655,-0.0687013,1.2652672,-1.177667,-0.0686864,1.2652597,-1.1776722,-0.0687237,1.2652373,-1.1776745,-0.0687237,1.2652523,-1.1776655,-0.0686565,1.2652747,-1.1776595,-0.0686266,1.2652298,-1.1776633,-0.0686116,1.2652597,-1.1776618,-0.0686266,1.2652672,-1.177664,-0.0686565,1.2653046,-1.1776707,-0.0687611,1.2653494,-1.177673,-0.0688358,1.2652896,-1.1776797,-0.0688284,1.2653345,-1.177664,-0.0687312,1.2652597,-1.1776722,-0.0687237,1.2652448,-1.1776722,-0.0687013,1.2652523,-1.177673,-0.0687312,1.2652448,-1.177673,-0.0687163,1.2653121,-1.177664,-0.0687088,1.2652896,-1.1776707,-0.0687462,1.2652896,-1.177673,-0.0687686,1.2652597,-1.1776722,-0.0687237,1.2652896,-1.177664,-0.0686789,1.2652448,-1.1776618,-0.0686116,1.2652523,-1.1776618,-0.0686191,1.2652822,-1.1776558,-0.0685892,1.2652373,-1.177658,-0.0685668,1.2652074,-1.177658,-0.0685369,1.2653046,-1.1776491,-0.0685593,1.2652448,-1.177652,-0.0685145,1.2652523,-1.1776468,-0.0684846,1.2652672,-1.1776393,-0.0684248,1.2652822,-1.1776401,-0.0684621,1.2652448,-1.1776416,-0.0684248,1.2652149,-1.1776393,-0.068365,1.2652149,-1.1776401,-0.0683874,1.2652523,-1.1776341,-0.068365,1.2651402,-1.1776446,-0.0683351,1.2651925,-1.1776378,-0.0683351,1.2652747,-1.1776356,-0.0684023,1.2653494,-1.1776304,-0.0684397,1.2654092,-1.1776281,-0.0684846,1.2653121,-1.1776378,-0.0684621,1.265342,-1.1776416,-0.0685369,1.2652971,-1.1776446,-0.068507,1.2653046,-1.1776401,-0.0684846,1.2653569,-1.1776393,-0.0685294,1.265342,-1.1776393,-0.0685145,1.2653195,-1.1776363,-0.0684621,1.2652971,-1.1776356,-0.0684248,1.265185,-1.1776401,-0.06835,1.265185,-1.1776393,-0.0683351,1.2652597,-1.1776401,-0.0684322,1.2652523,-1.1776416,-0.0684397,1.2652822,-1.1776401,-0.0684621,1.2652971,-1.1776416,-0.0684846,1.2652822,-1.1776468,-0.0685145,1.265342,-1.1776431,-0.0685443,1.2654316,-1.1776393,-0.0686116,1.2654316,-1.1776289,-0.0685145,1.2652747,-1.1776393,-0.0684397,1.2653046,-1.1776356,-0.0684397,1.2653793,-1.1776393,-0.0685518,1.2653345,-1.1776431,-0.0685369,1.2652298,-1.1776491,-0.0684771,1.2652373,-1.1776491,-0.068492,1.265185,-1.177652,-0.0684547,1.265185,-1.1776565,-0.0684995,1.2652149,-1.1776565,-0.0685294,1.265185,-1.177658,-0.0685145,1.2651626,-1.1776565,-0.0684771,1.2652149,-1.1776453,-0.0684322,1.2652448,-1.1776491,-0.0684995,1.2652822,-1.1776506,-0.0685443,1.2652298,-1.1776565,-0.0685443,1.2653046,-1.177658,-0.068649,1.2653195,-1.1776558,-0.068634,1.2652672,-1.1776565,-0.0685892,1.2653195,-1.1776483,-0.0685668,1.2653046,-1.1776468,-0.0685369,1.2652523,-1.1776453,-0.0684771,1.2652373,-1.1776431,-0.0684322,1.2653121,-1.1776416,-0.068507,1.2653195,-1.1776431,-0.0685219,1.265342,-1.1776468,-0.0685892,1.2653121,-1.1776506,-0.0685817,1.2653494,-1.1776468,-0.0685892,1.2652074,-1.1776565,-0.0685219,1.2652971,-1.1776528,-0.0685892,1.265327,-1.1776506,-0.0685967,1.2654017,-1.1776378,-0.0685668,1.2653121,-1.1776453,-0.0685369,1.2650804,-1.177676,-0.0685593,1.2652224,-1.1776528,-0.068507,1.265342,-1.1776363,-0.0684846,1.2653345,-1.1776356,-0.0684696,1.2653644,-1.1776319,-0.0684696,1.2652822,-1.1776401,-0.0684547,1.2649309,-1.1776782,-0.0684173,1.2649533,-1.177673,-0.0683949,1.2649309,-1.1776722,-0.0683575,1.2649682,-1.1776655,-0.0683425,1.2649832,-1.1776618,-0.0683276,1.2649682,-1.1776595,-0.0682828,1.265028,-1.1776506,-0.0682678,1.2650131,-1.1776468,-0.068223,1.2649608,-1.1776491,-0.0681856,1.2649533,-1.1776453,-0.0681407,1.2650206,-1.1776356,-0.0681258,1.2650131,-1.1776326,-0.0680959,1.2650131,-1.1776296,-0.0680585,1.2650206,-1.1776431,-0.0681931,1.2650131,-1.1776401,-0.0681557,1.263735,-1.1777955,-0.0681781,1.2651252,-1.1776274,-0.0681706,1.2651327,-1.1776236,-0.0681407,1.2651252,-1.1776192,-0.068081,1.2650953,-1.1776177,-0.0680436,1.2651551,-1.1776132,-0.068066,1.2651476,-1.1776072,-0.0680062,1.2651177,-1.1776124,-0.0680212,1.2651551,-1.1776072,-0.0680212,1.2652149,-1.1776035,-0.0680511,1.2651551,-1.177605,-0.0679987,1.2651626,-1.1776035,-0.0679838,1.265185,-1.1775997,-0.0679763,1.2654541,-1.1775997,-0.0682753,1.2653121,-1.1776124,-0.0682379,1.2651402,-1.1776229,-0.0681333,1.2650654,-1.1776363,-0.0681856,1.2650953,-1.1776393,-0.0682379,1.2651551,-1.1776401,-0.0683201,1.2652074,-1.1776326,-0.0683052,1.2653121,-1.1776378,-0.0684696,1.2652971,-1.1776401,-0.0684771,1.2651999,-1.1776416,-0.0683799,1.2652149,-1.1776401,-0.0683874,1.2651999,-1.1776453,-0.0684098,1.2652224,-1.1776468,-0.0684472,1.2651327,-1.1776506,-0.0683874,1.2651626,-1.1776453,-0.0683724,1.2652448,-1.1776491,-0.068492,1.265185,-1.1776468,-0.0684098,1.26517,-1.1776453,-0.0683799,1.2650355,-1.1776558,-0.0683201,1.2650878,-1.1776543,-0.0683724,1.2650878,-1.1776565,-0.0683949,1.265185,-1.1776446,-0.0683799,1.2651626,-1.1776431,-0.06835,1.2652224,-1.1776341,-0.0683351,1.2651252,-1.1776363,-0.0682454,1.2651551,-1.1776319,-0.0682379,1.2650953,-1.1776251,-0.0681108,1.2650729,-1.1776229,-0.068066,1.2650878,-1.1776162,-0.0680212,1.2651626,-1.1776229,-0.0681632,1.2651327,-1.1776229,-0.0681258,1.2651551,-1.1776214,-0.0681407,1.2651028,-1.1776274,-0.0681407,1.2652747,-1.1776087,-0.0681632,1.2655587,-1.1775736,-0.0681407,1.265626,-1.1775631,-0.0681258,1.2657306,-1.1775504,-0.0681333,1.2656708,-1.1775482,-0.0680361,1.265768,-1.1775482,-0.0681482,1.265753,-1.1775534,-0.0681706,1.2655587,-1.1775773,-0.0681856,1.2655886,-1.1775698,-0.0681407,1.265484,-1.177581,-0.0681333,1.2653868,-1.177599,-0.0681931,1.2652672,-1.1776087,-0.0681482,1.2652747,-1.1776072,-0.0681557,1.2652747,-1.1776087,-0.0681632,1.2652896,-1.1776035,-0.0681333,1.2652896,-1.177599,-0.068081,1.2652448,-1.177599,-0.0680286,1.2652149,-1.1775997,-0.0680137,1.2652672,-1.1775923,-0.0679987,1.2652822,-1.1775885,-0.0679763,1.2652896,-1.1775743,-0.0678642,1.265327,-1.1775661,-0.0678194,1.2654017,-1.1775609,-0.0678567,1.2654466,-1.1775683,-0.0679763,1.2655213,-1.1775743,-0.0681183,1.2654914,-1.1775795,-0.0681258,1.2654466,-1.1775781,-0.068066,1.2653868,-1.1775833,-0.0680511,1.2653046,-1.1775923,-0.0680361,1.2652971,-1.1775945,-0.0680585,1.2653121,-1.177605,-0.0681632,1.2654989,-1.1775833,-0.0681781,1.2657157,-1.1775594,-0.0681856,1.2653943,-1.177581,-0.0680361,1.2653718,-1.1775893,-0.068081,1.2654989,-1.177587,-0.0682155,1.2654316,-1.1775997,-0.0682454,1.2653793,-1.1775975,-0.0681706,1.2653793,-1.177605,-0.0682379,1.2653943,-1.1776087,-0.0682902,1.2654466,-1.177605,-0.0683127,1.2654989,-1.1775937,-0.0682678,1.2650878,-1.1776393,-0.0682304,1.2654615,-1.1775937,-0.0682304,1.265469,-1.1775908,-0.068208,1.2655363,-1.1775952,-0.0683201,1.2654466,-1.177599,-0.0682603,1.2654316,-1.177596,-0.0682155,1.2654466,-1.177596,-0.0682304,1.2654017,-1.1776012,-0.0682304,1.2649234,-1.1776595,-0.0682379,1.2644675,-1.1777059,-0.0681632,1.2652523,-1.1776124,-0.0681706,1.2653121,-1.1776087,-0.0681931,1.2651999,-1.1776199,-0.0681781,1.2651476,-1.1776192,-0.0681108,1.26517,-1.1776124,-0.068081,1.2652523,-1.1776035,-0.0680884,1.2652149,-1.1776012,-0.0680212,1.2652747,-1.1775908,-0.0679987,1.2652822,-1.1775833,-0.0679315,1.2653793,-1.1775668,-0.0678941,1.2653943,-1.1775653,-0.0678866,1.2654167,-1.1775683,-0.0679389,1.2653494,-1.1775646,-0.0678343,1.2653569,-1.1775616,-0.0678194,1.2652971,-1.1775721,-0.0678418,1.2653718,-1.1775668,-0.0678792,1.2654017,-1.1775594,-0.0678418,1.2654092,-1.1775579,-0.0678418,1.2654316,-1.1775609,-0.0678866,1.2653718,-1.1775646,-0.0678567,1.2653569,-1.1775616,-0.0678194,1.2653793,-1.1775616,-0.0678493,1.2654092,-1.1775541,-0.0678044,1.2654615,-1.1775496,-0.0678194,1.2654391,-1.1775534,-0.0678268,1.265469,-1.1775504,-0.0678418,1.2655288,-1.1775467,-0.0678717,1.2654242,-1.1775609,-0.0678866,1.2654615,-1.1775579,-0.0678941,1.2654765,-1.1775594,-0.0679315,1.2655662,-1.1775519,-0.0679539,1.2656185,-1.1775459,-0.0679614,1.2655512,-1.1775616,-0.0680361,1.2655662,-1.1775631,-0.068066,1.2655139,-1.1775706,-0.068081,1.265469,-1.1775773,-0.068081,1.2654316,-1.1775781,-0.0680585,1.2653943,-1.1775795,-0.0680286,1.2654391,-1.1775721,-0.0680062,1.2654242,-1.1775736,-0.0679987,1.2653345,-1.1775825,-0.0679838,1.2654466,-1.1775781,-0.0680735,1.2654391,-1.177581,-0.068081,1.2654541,-1.1775781,-0.0680735,1.2654615,-1.1775721,-0.0680286,1.2654989,-1.1775631,-0.0679838,1.2654541,-1.1775579,-0.0678941,1.2653793,-1.1775571,-0.0677969,1.2654017,-1.1775519,-0.0677745,1.2653121,-1.1775579,-0.0677371,1.2653793,-1.1775519,-0.0677521,1.2655736,-1.1775467,-0.0679165,1.2655662,-1.1775571,-0.0680062,1.2654541,-1.1775698,-0.0679913,1.2654316,-1.1775706,-0.0679763,1.2654017,-1.1775758,-0.0679913,1.2654541,-1.1775743,-0.0680436,1.2656035,-1.1775758,-0.0682155,1.2654914,-1.177587,-0.0682005,1.2655213,-1.1775848,-0.068208,1.2655288,-1.1775758,-0.0681407,1.2655064,-1.1775736,-0.0680884,1.2654615,-1.1775683,-0.0679913,1.2654316,-1.1775646,-0.067924,1.2654167,-1.1775631,-0.0678941,1.2653718,-1.1775631,-0.0678493,1.2633165,-1.1778157,-0.0678941,1.2631446,-1.1778374,-0.0678941,1.2627708,-1.177877,-0.0678567,1.2628755,-1.1778688,-0.0678941,1.2627185,-1.177889,-0.067909,1.2637873,-1.1777589,-0.0678866,1.2627634,-1.177871,-0.0677895,1.2628157,-1.1778621,-0.0677596,1.2626363,-1.177883,-0.0677521,1.2624794,-1.1779017,-0.0677521,1.2624121,-1.1779107,-0.0677596,1.2623897,-1.1779166,-0.0677895,1.2624644,-1.1779129,-0.0678418,1.2625616,-1.1778964,-0.0677969,1.2628605,-1.1778546,-0.0677521,1.2629203,-1.1778486,-0.0677521,1.2642059,-1.1776924,-0.0677446,1.2639293,-1.1777425,-0.0678941,1.2629502,-1.1778718,-0.0680062,1.2629353,-1.177871,-0.0679763,1.2630399,-1.1778449,-0.0678493,1.2636453,-1.1777686,-0.0678268,1.2638994,-1.1777485,-0.0679165,1.2633538,-1.177806,-0.0678418,1.2632492,-1.177821,-0.0678642,1.262868,-1.1778815,-0.0679987,1.2628306,-1.1778927,-0.0680585,1.2628904,-1.177883,-0.0680361,1.2628232,-1.1778912,-0.0680511,1.2632417,-1.1778359,-0.0679987,1.2632268,-1.1778359,-0.0679838,1.2629801,-1.1778613,-0.0679389,1.263025,-1.1778561,-0.0679464,1.2630623,-1.1778501,-0.067924,1.2638845,-1.1777567,-0.0679763,1.2641012,-1.1777298,-0.0679763,1.2644077,-1.1776946,-0.0679913,1.2652224,-1.1776065,-0.068081,1.2654989,-1.1775661,-0.0680062,1.2654391,-1.1775631,-0.0679165,1.2654017,-1.1775594,-0.0678418,1.2653718,-1.1775594,-0.0678044,1.2654167,-1.1775571,-0.0678343,1.2653793,-1.1775556,-0.067782,1.2654316,-1.1775541,-0.0678343,1.2653793,-1.1775496,-0.0677297,1.265342,-1.1775519,-0.0677072,1.2653718,-1.1775519,-0.0677371,1.2653195,-1.1775556,-0.0677222,1.2653793,-1.1775444,-0.0676773,1.2653494,-1.1775429,-0.06764,1.2654092,-1.1775392,-0.0676624,1.2654017,-1.1775392,-0.0676624,1.2653718,-1.1775392,-0.067625,1.2653494,-1.1775407,-0.0676101,1.2653494,-1.1775317,-0.0675279,1.2654466,-1.1775295,-0.0676101,1.265469,-1.1775242,-0.0675951,1.2654391,-1.1775332,-0.0676475,1.2653718,-1.1775354,-0.0675951,1.2654914,-1.1775444,-0.0678044,1.2655213,-1.1775265,-0.0676773,1.2654914,-1.1775429,-0.0677895,1.2655213,-1.1775482,-0.0678717,1.2654914,-1.1775534,-0.0678866,1.2655961,-1.1775482,-0.0679614,1.2654541,-1.1775541,-0.0678567,1.2654615,-1.1775482,-0.0678044,1.2653943,-1.1775683,-0.0679165,1.2655213,-1.1775698,-0.0680735,1.2654989,-1.1775668,-0.0680212,1.2654466,-1.1775683,-0.0679763,1.2654989,-1.1775698,-0.0680436,1.2654391,-1.1775706,-0.0679913,1.2654316,-1.1775743,-0.0680212,1.2653494,-1.1775743,-0.0679165,1.2654316,-1.1775683,-0.0679539,1.2653868,-1.1775661,-0.0678866,1.2653644,-1.1775609,-0.0678119,1.2653569,-1.1775541,-0.0677521,1.2653494,-1.1775534,-0.0677297,1.2653943,-1.1775556,-0.0678044,1.2653868,-1.1775571,-0.0678044,1.2654316,-1.1775467,-0.0677596,1.2654092,-1.1775392,-0.0676699,1.2655064,-1.1775377,-0.0677596,1.2654765,-1.1775354,-0.0677072,1.2654914,-1.1775227,-0.0676101,1.2655288,-1.1775317,-0.0677297,1.2654615,-1.1775392,-0.0677297,1.2653494,-1.1775467,-0.0676699,1.2653569,-1.1775377,-0.0676026,1.2653121,-1.1775325,-0.067498,1.2653644,-1.1775168,-0.0674083,1.2653868,-1.1775265,-0.0675279,1.2654092,-1.177525,-0.0675353,1.2653793,-1.177528,-0.0675279,1.2653494,-1.1775392,-0.0675951,1.2653644,-1.1775429,-0.0676549,1.2654017,-1.1775414,-0.0676848,1.2653644,-1.1775354,-0.0675802,1.2653569,-1.1775317,-0.0675353,1.2653718,-1.1775212,-0.0674606,1.2654242,-1.177513,-0.0674382,1.2654541,-1.1775003,-0.067356,1.2653868,-1.1774951,-0.0672364,1.265469,-1.1774899,-0.0672737,1.2654466,-1.1774884,-0.0672439,1.2653644,-1.1774899,-0.0671616,1.2653345,-1.1774876,-0.0671093,1.2655736,-1.1775026,-0.0675129,1.2656484,-1.1774899,-0.067483,1.2655886,-1.1774951,-0.0674606,1.2654466,-1.1775078,-0.0674158,1.2653195,-1.1775063,-0.0672663,1.2654914,-1.1774973,-0.0673784,1.2653793,-1.1775115,-0.0673784,1.2654316,-1.177519,-0.0675054,1.2654092,-1.177528,-0.0675652,1.2654765,-1.1775295,-0.0676475,1.2654242,-1.1775138,-0.0674531,1.2653793,-1.1775115,-0.0673784,1.2654765,-1.1775063,-0.0674457,1.2655961,-1.1775168,-0.0676699,1.2655811,-1.1775354,-0.0678194,1.2655811,-1.1775407,-0.0678717,1.2656484,-1.1775407,-0.0679389,1.2655587,-1.1775467,-0.0679016,1.2655961,-1.1775504,-0.0679763,1.2655736,-1.1775459,-0.067909,1.2654765,-1.1775467,-0.0678119,1.2655363,-1.1775429,-0.0678418,1.265469,-1.1775429,-0.067767,1.2654541,-1.1775452,-0.0677745,1.2655512,-1.1775414,-0.0678418,1.2654391,-1.1775392,-0.0676923,1.2653793,-1.177528,-0.0675279,1.2653718,-1.177519,-0.0674457,1.2653195,-1.1775138,-0.0673335,1.2654391,-1.177519,-0.0675129,1.2654391,-1.1775168,-0.0674905,1.2654615,-1.1775153,-0.067498,1.2654092,-1.177513,-0.0674232,1.2655213,-1.1774988,-0.0674158,1.2655213,-1.1775003,-0.0674307,1.2655736,-1.1775026,-0.0675129,1.265611,-1.1775078,-0.0675951,1.2656783,-1.1775242,-0.0678268,1.2656484,-1.177525,-0.0678044,1.2655811,-1.1775205,-0.0676848,1.2654989,-1.1775205,-0.0675951,1.2654541,-1.1775115,-0.0674606,1.2654466,-1.1775115,-0.0674531,1.2655736,-1.177513,-0.0676101,1.2657007,-1.177519,-0.0678044,1.2655811,-1.177534,-0.0678119,1.2654466,-1.1775354,-0.0676699,1.2655064,-1.1775295,-0.0676773,1.265484,-1.1775354,-0.0677147,1.265469,-1.1775295,-0.06764,1.2654541,-1.177525,-0.0675951,1.2653569,-1.1775168,-0.0674008,1.2653046,-1.17751,-0.0672812,1.2655363,-1.1774973,-0.0674232,1.2655213,-1.1774921,-0.067356,1.265469,-1.1774899,-0.0672812,1.265484,-1.1775078,-0.0674606,1.2654914,-1.1775153,-0.0675353,1.265484,-1.1775041,-0.0674307,1.265611,-1.177519,-0.0676998,1.265626,-1.1775242,-0.067767,1.265484,-1.1775295,-0.0676549,1.2655961,-1.1775302,-0.0677969,1.2655811,-1.1775317,-0.0677895,1.2655064,-1.177525,-0.0676475,1.265484,-1.1775212,-0.0675877,1.2654989,-1.1775227,-0.0676176,1.2655811,-1.1775242,-0.0677222,1.2654914,-1.177528,-0.0676549,1.2654466,-1.177528,-0.0676026,1.2655139,-1.1775205,-0.0676101,1.2654615,-1.177519,-0.0675353,1.2654466,-1.1775205,-0.0675353,1.2655662,-1.177525,-0.0677072,1.2655811,-1.1775175,-0.0676624,1.2656035,-1.177525,-0.0677521,1.2656035,-1.177525,-0.0677521,1.2655064,-1.177519,-0.0675877,1.265469,-1.1775227,-0.0675802,1.2655213,-1.1775212,-0.0676325,1.2655587,-1.1775205,-0.0676549,1.2655662,-1.1775138,-0.0676026,1.2655064,-1.177513,-0.0675279,1.2654914,-1.1775175,-0.0675652,1.2655213,-1.1775153,-0.0675727,1.2654615,-1.1775085,-0.0674457,1.2654541,-1.1775041,-0.0673933,1.2655288,-1.17751,-0.0675353,1.2655363,-1.1775085,-0.0675279,1.2654316,-1.1774973,-0.0673111,1.265469,-1.1774884,-0.0672663,1.2655811,-1.1775078,-0.0675652,1.2655811,-1.1775138,-0.067625,1.2655736,-1.1775138,-0.0676176,1.265611,-1.1775168,-0.0676848,1.2655736,-1.1775205,-0.0676773,1.2655288,-1.1775168,-0.0675951,1.2654541,-1.1775168,-0.0675054,1.2655213,-1.17751,-0.0675204,1.2655288,-1.177513,-0.0675503,1.2655662,-1.177513,-0.0675951,1.2655288,-1.177513,-0.0675503,1.2655736,-1.1775153,-0.067625,1.2656185,-1.1775175,-0.0677072,1.2655139,-1.1775168,-0.0675727,1.2655512,-1.1775168,-0.0676176,1.2655587,-1.1775085,-0.0675503,1.2656484,-1.1775138,-0.0676998,1.2655288,-1.1775138,-0.0675652,1.2655662,-1.1775212,-0.0676773,1.2655363,-1.177519,-0.0676176,1.265626,-1.1775138,-0.0676699,1.2655811,-1.1775153,-0.0676325,1.2656932,-1.1775242,-0.0678418,1.2655811,-1.177528,-0.0677521,1.2655662,-1.1775295,-0.0677521,1.2655587,-1.1775302,-0.0677521,1.2654615,-1.1775295,-0.0676325,1.2654765,-1.1775175,-0.0675428,1.2654316,-1.1775138,-0.0674606,1.2654765,-1.1775138,-0.0675129,1.2654615,-1.177525,-0.0676026,1.2655363,-1.1775138,-0.0675727,1.2654914,-1.1775138,-0.0675204,1.265484,-1.177513,-0.0675129,1.2654765,-1.177513,-0.0674905,1.265484,-1.1775063,-0.0674457,1.2654541,-1.1775026,-0.0673784,1.2655662,-1.1774973,-0.0674606,1.2656334,-1.1775041,-0.0675877,1.265611,-1.1775011,-0.0675428,1.265484,-1.1775048,-0.0674382,1.2654765,-1.1774988,-0.0673709,1.2656334,-1.1775003,-0.0675503,1.2655811,-1.1775048,-0.0675428,1.265469,-1.1775011,-0.0673859,1.2656559,-1.1774921,-0.0675129,1.265626,-1.1774951,-0.067498,1.265626,-1.1775048,-0.0675951,1.2655363,-1.177513,-0.0675652,1.2655288,-1.1775063,-0.067498,1.2655363,-1.1775011,-0.0674606,1.2655213,-1.1775041,-0.0674681,1.2655662,-1.1775026,-0.0675054,1.2655139,-1.1775041,-0.0674606,1.2655288,-1.1774951,-0.0673933,1.2655512,-1.1774966,-0.0674307,1.2654615,-1.1774951,-0.0673261,1.2656185,-1.1774973,-0.0675204,1.2655961,-1.1775026,-0.0675353,1.2654914,-1.1775085,-0.067483,1.265484,-1.1775011,-0.0674008,1.2654914,-1.1774988,-0.0673859,1.2654989,-1.1774951,-0.067356,1.265484,-1.1774936,-0.0673261,1.2655139,-1.1774936,-0.0673709,1.2654914,-1.1774914,-0.0673186,1.265484,-1.1774846,-0.0672513,1.2655512,-1.1774809,-0.0672962,1.2654541,-1.1774831,-0.0672065,1.2654242,-1.1774734,-0.0670794,1.2655288,-1.1774682,-0.0671467,1.2657082,-1.1774712,-0.0673709,1.2657306,-1.1774749,-0.0674307,1.2655961,-1.1774846,-0.0673784,1.2656559,-1.1774951,-0.0675353,1.2656035,-1.1775026,-0.0675428,1.265611,-1.1775026,-0.0675578,1.2655363,-1.1774988,-0.0674382,1.2654466,-1.1774914,-0.0672663,1.2655213,-1.1774824,-0.0672663,1.2654092,-1.1774973,-0.0672812,1.2656484,-1.1774809,-0.0674008,1.2656484,-1.1774861,-0.0674382,1.2656185,-1.1774809,-0.067356,1.2655139,-1.1774809,-0.0672439,1.2654765,-1.1774772,-0.0671766,1.265626,-1.1774697,-0.0672663,1.2655886,-1.1774674,-0.067199,1.2656035,-1.1774644,-0.067199,1.2655811,-1.1774607,-0.0671317,1.2657231,-1.1774517,-0.067214,1.2657904,-1.1774532,-0.0672962,1.2656932,-1.1774622,-0.0672663,1.265611,-1.1774712,-0.0672663,1.2659997,-1.1774659,-0.0676549,1.2659474,-1.177451,-0.0674457,1.2658726,-1.1774607,-0.0674606,1.2657082,-1.1774831,-0.067483,1.2655139,-1.1775078,-0.0674905,1.2655139,-1.1774914,-0.0673335,1.2657904,-1.1774734,-0.067483,1.2655512,-1.1775011,-0.0674755,1.2657157,-1.1775041,-0.0676848,1.2655512,-1.1775078,-0.0675353,1.2655587,-1.1774973,-0.0674531,1.2655736,-1.1775011,-0.067498,1.2655736,-1.1774966,-0.0674531,1.2656559,-1.1775003,-0.0675802,1.2655961,-1.1775003,-0.0675129,1.2655213,-1.1774936,-0.0673784,1.2656185,-1.1774899,-0.0674457,1.2654989,-1.1774876,-0.0672887,1.2655288,-1.1774809,-0.0672663,1.2655139,-1.1774786,-0.0672214,1.2655662,-1.1774794,-0.0672962,1.2655512,-1.1774772,-0.0672513,1.2655662,-1.1774772,-0.0672663,1.2656633,-1.1774749,-0.0673485,1.2655288,-1.1774749,-0.0672065,1.2656559,-1.1774772,-0.0673709,1.2657306,-1.1774757,-0.0674382,1.2657007,-1.1774884,-0.0675204,1.2656334,-1.1774914,-0.0674755,1.2655811,-1.1774988,-0.067483,1.2654765,-1.1775041,-0.0674158,1.2654765,-1.1775048,-0.0674307,1.2655512,-1.1774973,-0.0674382,1.2655139,-1.1774899,-0.0673261,1.2654017,-1.1774921,-0.0672289,1.2653793,-1.1774861,-0.0671467,1.2654391,-1.1774786,-0.0671392,1.2654092,-1.1774772,-0.0670944,1.2654391,-1.1774674,-0.067042,1.265484,-1.1774607,-0.0670271,1.265611,-1.1774585,-0.0671467,1.2656185,-1.1774585,-0.0671542,1.265484,-1.17746,-0.0670196,1.2656035,-1.177457,-0.0671243,1.2656409,-1.177457,-0.0671691,1.2656409,-1.1774555,-0.0671542,1.2656334,-1.1774532,-0.0671243,1.2655438,-1.1774674,-0.0671542,1.265611,-1.1774585,-0.0671392,1.265626,-1.1774555,-0.0671392,1.2655587,-1.1774555,-0.0670645,1.2655213,-1.17746,-0.067057,1.2655213,-1.1774547,-0.0670047,1.2655139,-1.177451,-0.0669673,1.2656334,-1.1774547,-0.0671317,1.2655213,-1.17746,-0.067057,1.2654914,-1.1774547,-0.0669823,1.2654391,-1.1774465,-0.0668477,1.2654466,-1.177439,-0.0667879,1.2654466,-1.1774353,-0.0667506,1.2656783,-1.1774263,-0.0669299,1.2656783,-1.1774308,-0.0669673,1.2656932,-1.1774353,-0.0670271,1.2657605,-1.177439,-0.0671392,1.2657157,-1.1774405,-0.0671018,1.2656559,-1.177442,-0.067042,1.2655587,-1.1774405,-0.0669299,1.2656783,-1.1774331,-0.0669823,1.2656409,-1.1774383,-0.0669897,1.2655961,-1.177442,-0.0669748,1.2655736,-1.1774383,-0.0669225,1.2655662,-1.1774353,-0.0668851,1.2655736,-1.1774331,-0.0668701,1.2655961,-1.1774331,-0.0669,1.2656708,-1.1774443,-0.0670869,1.2655886,-1.1774473,-0.0670122,1.2657082,-1.1774428,-0.0671168,1.265611,-1.177448,-0.0670495,1.2657007,-1.1774405,-0.0670794,1.265611,-1.1774405,-0.0669823
2020-09-27.out.8,0.0,1.2657829,-1.1774443,-0.0672065,1.2655363,-1.1774495,-0.0669823,1.2658203,-1.1774458,-0.0672663,1.2658278,-1.177457,-0.0673784,1.2657157,-1.17746,-0.0672737,1.2656559,-1.1774644,-0.0672513,1.2655961,-1.1774644,-0.0671841,1.2655736,-1.1774577,-0.0670944,1.2655288,-1.1774659,-0.0671317,1.2656185,-1.1774682,-0.0672513,1.2656185,-1.1774644,-0.067214,1.2655438,-1.1774659,-0.0671392,1.2656559,-1.1774607,-0.067214,1.2656708,-1.1774517,-0.0671542,1.2656185,-1.177451,-0.0670869,1.2655886,-1.1774495,-0.0670346,1.2656185,-1.177451,-0.0670869,1.2655961,-1.1774585,-0.0671243,1.2655438,-1.1774532,-0.0670271,1.2657381,-1.177448,-0.0671915,1.2655288,-1.1774547,-0.0670196,1.265484,-1.1774547,-0.0669673,1.265611,-1.177457,-0.0671317,1.2655886,-1.1774585,-0.0671168,1.2655886,-1.1774577,-0.0671093,1.2655213,-1.177457,-0.0670346,1.2655064,-1.177448,-0.0669374,1.2654765,-1.1774465,-0.0668926,1.2654466,-1.1774383,-0.0667805,1.2655811,-1.1774331,-0.0668851,1.2655662,-1.1774278,-0.0668104,1.2655811,-1.1774293,-0.0668402,1.2655512,-1.1774383,-0.0668926,1.2655512,-1.1774383,-0.0668926,1.2655139,-1.1774353,-0.0668253,1.2654989,-1.1774308,-0.0667655,1.2655587,-1.1774331,-0.0668552,1.2655811,-1.1774345,-0.0668926,1.265626,-1.1774308,-0.0669075,1.2655736,-1.1774331,-0.0668701,1.2656334,-1.1774293,-0.0669075,1.2655512,-1.1774278,-0.0668029,1.2655139,-1.1774256,-0.0667356,1.265611,-1.1774278,-0.0668701,1.2655662,-1.1774256,-0.0667954,1.2655886,-1.1774263,-0.0668253,1.2656035,-1.1774256,-0.0668328,1.2655587,-1.1774278,-0.0668104,1.2654765,-1.1774331,-0.0667655,1.265484,-1.1774316,-0.066758,1.2657082,-1.1774278,-0.0669748,1.2655288,-1.1774256,-0.0667506,1.2655363,-1.1774181,-0.0666908,1.2655288,-1.1774218,-0.0667132,1.2655736,-1.1774308,-0.0668477,1.2657082,-1.1774331,-0.0670196,1.2656783,-1.1774353,-0.0670047,1.2656185,-1.1774353,-0.0669449,1.2655961,-1.1774368,-0.0669374,1.2655512,-1.1774345,-0.0668627,1.2656858,-1.1774316,-0.0669823,1.2657007,-1.1774368,-0.067042,1.2655886,-1.1774353,-0.066915,1.265626,-1.1774345,-0.0669449,1.2656185,-1.1774353,-0.0669449,1.2656035,-1.1774345,-0.066915,1.2655213,-1.1774345,-0.0668253,1.2656334,-1.1774278,-0.0668926,1.2655811,-1.1774263,-0.0668178,1.2655363,-1.1774226,-0.0667356,1.2655288,-1.1774166,-0.0666758,1.2655064,-1.1774144,-0.0666235,1.2654615,-1.1774151,-0.0665787,1.2655811,-1.1774076,-0.0666459,1.2656334,-1.1774106,-0.0667281,1.265626,-1.1774054,-0.0666683,1.2655811,-1.1774054,-0.0666235,1.2655662,-1.1774039,-0.0665936,1.2655886,-1.1774002,-0.0665861,1.2657082,-1.1774054,-0.066758,1.2656409,-1.1774017,-0.0666459,1.2655736,-1.1774002,-0.0665712,1.2655811,-1.1773949,-0.0665338,1.2657381,-1.1773964,-0.0667207,1.2656783,-1.1774009,-0.0666908,1.2656559,-1.1773987,-0.0666459,1.2656559,-1.1773979,-0.0666384,1.2655811,-1.1773934,-0.0665114,1.265611,-1.1773927,-0.0665413,1.2656484,-1.1773927,-0.0665787,1.2656559,-1.1773897,-0.0665637,1.2657755,-1.1773875,-0.0666758,1.2658577,-1.177362,-0.0665413,1.2656185,-1.1773912,-0.0665338,1.2656409,-1.17738,-0.0664516,1.2656185,-1.17738,-0.0664366,1.265626,-1.17738,-0.0664366,1.265611,-1.1773748,-0.0663694,1.2655736,-1.1773762,-0.066347,1.2655139,-1.177371,-0.0662348,1.2655512,-1.1773658,-0.0662274,1.265611,-1.177362,-0.0662647,1.2655736,-1.1773635,-0.0662274,1.2655736,-1.177362,-0.0662199,1.2655961,-1.1773561,-0.06619,1.2655736,-1.1773546,-0.0661452,1.2656484,-1.1773516,-0.0662049,1.2655886,-1.1773606,-0.0662199,1.2655961,-1.1773606,-0.0662348,1.2655213,-1.1773635,-0.066175,1.2655662,-1.1773583,-0.066175,1.2655662,-1.1773568,-0.0661676,1.2656559,-1.1773561,-0.0662498,1.2656035,-1.1773546,-0.0661825,1.265626,-1.1773546,-0.0662049,1.2656035,-1.1773568,-0.0662049,1.2655961,-1.1773583,-0.0662049,1.2654989,-1.1773598,-0.0661153,1.2654615,-1.1773606,-0.0660779,1.2654914,-1.1773568,-0.0660854,1.2655288,-1.1773486,-0.0660405,1.2655512,-1.1773419,-0.0660106,1.2655736,-1.1773419,-0.066033,1.265626,-1.1773456,-0.0661227,1.2656559,-1.1773508,-0.0662049,1.2655587,-1.1773598,-0.066175,1.2656783,-1.1773523,-0.0662423,1.265753,-1.1773523,-0.0663245,1.2657157,-1.1773486,-0.0662498,1.2656858,-1.1773508,-0.0662423,1.2656035,-1.1773493,-0.0661377,1.2656708,-1.1773493,-0.0662124,1.2656858,-1.1773434,-0.0661676,1.2656858,-1.1773471,-0.0662049,1.2656932,-1.1773456,-0.0662049,1.265753,-1.1773404,-0.0662199,1.2657456,-1.1773404,-0.0662124,1.2657007,-1.1773404,-0.0661601,1.2656633,-1.1773434,-0.0661452,1.2656858,-1.1773359,-0.0661003,1.2656185,-1.1773344,-0.0660181,1.265626,-1.1773359,-0.0660405,1.2657007,-1.1773269,-0.0660405,1.2656035,-1.1773307,-0.0659658,1.2656185,-1.1773381,-0.066048,1.2656633,-1.1773381,-0.0660928,1.265626,-1.1773456,-0.0661302,1.2656633,-1.1773441,-0.0661601,1.2656409,-1.1773404,-0.0660928,1.2657231,-1.1773359,-0.0661452,1.2657904,-1.1773561,-0.0663993,1.265768,-1.1773486,-0.0663021,1.265768,-1.1773471,-0.0662946,1.2656858,-1.1773583,-0.0663096,1.2656633,-1.1773531,-0.0662423,1.2656035,-1.1773471,-0.0661078,1.2655662,-1.1773419,-0.0660256,1.2657755,-1.1773359,-0.0662049,1.2657904,-1.1773396,-0.0662498,1.2656932,-1.1773456,-0.0662049,1.2656185,-1.1773456,-0.0661227,1.2655811,-1.1773434,-0.0660555,1.265611,-1.1773366,-0.0660256,1.265611,-1.1773366,-0.0660256,1.265611,-1.1773344,-0.0660031,1.2656484,-1.1773277,-0.0659882,1.2656334,-1.1773269,-0.0659583,1.2656932,-1.1773269,-0.0660256,1.2656708,-1.1773277,-0.0660106,1.2656559,-1.1773292,-0.0660106,1.2656633,-1.1773307,-0.0660256,1.2656783,-1.1773277,-0.0660181,1.2656559,-1.1773217,-0.0659359,1.2656334,-1.1773239,-0.0659359,1.265611,-1.1773217,-0.065891,1.2656633,-1.1773165,-0.0658985,1.2655811,-1.177318,-0.0658238,1.2656932,-1.1773165,-0.0659359,1.2656708,-1.177318,-0.0659209,1.265611,-1.1773157,-0.0658312,1.2656334,-1.1773157,-0.0658611,1.265626,-1.1773202,-0.065891,1.2656185,-1.1773194,-0.0658761,1.2656633,-1.1773127,-0.0658686,1.2656633,-1.1773165,-0.0658985,1.2656559,-1.177309,-0.0658238,1.2656035,-1.1773112,-0.0657864,1.2655587,-1.1773052,-0.0656818,1.2656035,-1.1773,-0.0656818,1.2657007,-1.1772925,-0.0657191,1.2656783,-1.177291,-0.0656818,1.2656334,-1.1772851,-0.0655771,1.2656185,-1.1772821,-0.0655323,1.2658352,-1.1772776,-0.0657341,1.2661118,-1.1772701,-0.0659658,1.2658053,-1.177303,-0.0659284,1.2658726,-1.1772978,-0.0659583,1.2659847,-1.1773082,-0.066175,1.2658203,-1.1773142,-0.0660555,1.2658427,-1.1773165,-0.0661003,1.2657904,-1.1773112,-0.0659882,1.2657605,-1.1773157,-0.0659957,1.2660071,-1.177318,-0.0662946,1.2658427,-1.177318,-0.0661078,1.265626,-1.1773269,-0.0659508,1.2656559,-1.1773217,-0.0659434,1.2656932,-1.177318,-0.0659434,1.265753,-1.1773217,-0.0660555,1.2657082,-1.1773217,-0.0659957,1.2655662,-1.177318,-0.0658088,1.2656858,-1.1773254,-0.0660031,1.2656484,-1.1773269,-0.0659807,1.265611,-1.1773277,-0.0659434,1.2655811,-1.1773232,-0.0658686,1.2655363,-1.1773254,-0.0658387,1.2655288,-1.1773292,-0.0658686,1.265626,-1.1773307,-0.0659882,1.2657605,-1.1773217,-0.0660555,1.265626,-1.1773277,-0.0659658,1.2657231,-1.1773269,-0.0660555,1.2656484,-1.1773307,-0.0660106,1.2655662,-1.1773269,-0.0658836,1.2655886,-1.1773232,-0.0658686,1.2656633,-1.1773194,-0.0659209,1.265611,-1.1773202,-0.0658761,1.2655438,-1.1773142,-0.065749,1.265753,-1.1773165,-0.0659957,1.2656409,-1.1773209,-0.0659209,1.2656409,-1.1773202,-0.0659135,1.265753,-1.1773142,-0.0659732,1.2656484,-1.1773172,-0.0658836,1.2656783,-1.1773157,-0.065906,1.2655811,-1.1773194,-0.0658387,1.2646095,-1.1774592,-0.066048,1.265626,-1.1773292,-0.0659732,1.2655139,-1.1773239,-0.0658088,1.2655662,-1.1773232,-0.0658462,1.2656334,-1.1773254,-0.0659434,1.2656035,-1.1773254,-0.0659135,1.2655886,-1.1773277,-0.0659209,1.265626,-1.177318,-0.0658686,1.2655438,-1.1773202,-0.0658013,1.2656484,-1.1773194,-0.065906,1.2656559,-1.1773202,-0.0659209,1.2656035,-1.1773232,-0.065891,1.2655736,-1.1773217,-0.0658537,1.2656932,-1.1773157,-0.0659209,1.2655811,-1.177318,-0.0658163,1.2656484,-1.1773165,-0.0658836,1.2656633,-1.177318,-0.0659135,1.2655363,-1.1773202,-0.0657864,1.2656334,-1.1773127,-0.0658312,1.2656409,-1.177309,-0.0658088,1.2656559,-1.1773075,-0.0658088,1.265611,-1.1773127,-0.0658013,1.2656484,-1.1773067,-0.0657864,1.2656484,-1.1773015,-0.0657415,1.2656783,-1.1772993,-0.065749,1.2655736,-1.1773015,-0.0656593,1.2655512,-1.1773015,-0.0656369,1.2656185,-1.1772978,-0.0656743,1.2655288,-1.1772948,-0.0655472,1.2654914,-1.1772888,-0.0654575,1.2655213,-1.1772851,-0.0654501,1.2655961,-1.1772836,-0.0655173,1.2656559,-1.1772791,-0.0655472,1.2655587,-1.1772798,-0.0654426,1.2655886,-1.1772866,-0.0655397,1.2655886,-1.1772903,-0.0655696,1.2655512,-1.1772903,-0.0655397,1.2655512,-1.1772888,-0.0655173,1.2655213,-1.1772895,-0.0654874,1.2655139,-1.1772836,-0.0654276,1.2655363,-1.1772813,-0.0654276,1.2656035,-1.1772709,-0.0654127,1.265484,-1.1772836,-0.0653977,1.2655512,-1.1772724,-0.0653678,1.2655064,-1.1772634,-0.0652408,1.265469,-1.1772634,-0.0651885,1.2654989,-1.1772619,-0.0652109,1.2655662,-1.1772537,-0.0652109,1.2655288,-1.1772492,-0.0651361,1.2654989,-1.1772484,-0.0650913,1.2655438,-1.177244,-0.0651062,1.2654989,-1.1772455,-0.0650614,1.2655438,-1.1772432,-0.0650913,1.2656559,-1.1772402,-0.0651885,1.2655886,-1.1772469,-0.065181,1.2655961,-1.1772455,-0.0651735,1.2655662,-1.1772507,-0.0651885,1.2656185,-1.1772492,-0.0652333,1.2656559,-1.1772447,-0.0652258,1.2655886,-1.1772484,-0.0651885,1.2656185,-1.1772469,-0.0652034,1.2655961,-1.1772447,-0.0651586,1.2656035,-1.1772395,-0.0651212,1.2655736,-1.1772484,-0.0651735,1.2655961,-1.1772492,-0.0652109,1.2656035,-1.1772455,-0.0651735,1.265611,-1.177241,-0.0651436,1.2655064,-1.1772455,-0.0650689,1.2655288,-1.1772432,-0.0650689,1.2655587,-1.177241,-0.0650838,1.2655811,-1.1772395,-0.0650988,1.2655811,-1.1772327,-0.065039,1.265611,-1.1772253,-0.0650016,1.2654914,-1.1772342,-0.0649493,1.2654391,-1.1772327,-0.064882,1.2654765,-1.1772245,-0.0648372,1.2655512,-1.1772215,-0.0649044,1.2655213,-1.1772253,-0.0649044,1.2655811,-1.1772215,-0.0649343,1.2655438,-1.1772163,-0.0648521,1.2655736,-1.1772126,-0.0648447,1.2655288,-1.1772193,-0.0648521,1.2655139,-1.1772163,-0.0648148,1.2655213,-1.1772126,-0.0647849,1.2655961,-1.1772118,-0.0648596,1.2656334,-1.1772036,-0.0648222,1.2655811,-1.1772066,-0.0647923,1.2655288,-1.1772073,-0.064755,1.2655438,-1.1772036,-0.0647251,1.2656633,-1.1772028,-0.0648521,1.2655736,-1.1772028,-0.0647475,1.2655587,-1.1772014,-0.0647251,1.2655288,-1.1772051,-0.0647251,1.2655139,-1.1772014,-0.0646727,1.2655363,-1.1771991,-0.0646727,1.2655288,-1.1771976,-0.0646503,1.2654914,-1.1771961,-0.064598,1.2654541,-1.1771946,-0.0645532,1.2654391,-1.1771939,-0.0645233,1.2655512,-1.1771872,-0.0645831,1.2655213,-1.1771886,-0.0645681,1.2654765,-1.1771864,-0.0644934,1.2654914,-1.1771797,-0.064456,1.2654541,-1.1771789,-0.0643962,1.2656035,-1.1771737,-0.0645158,1.2656633,-1.1771685,-0.0645382,1.2655736,-1.1771707,-0.0644635,1.2656334,-1.177167,-0.0644934,1.2656932,-1.1771647,-0.0645382,1.265611,-1.17717,-0.0644859,1.2655736,-1.17717,-0.0644485,1.265626,-1.1771707,-0.0645158,1.2656559,-1.1771722,-0.0645606,1.2655961,-1.1771722,-0.0645008,1.2655736,-1.17717,-0.0644485,1.2655662,-1.1771625,-0.0643663,1.2655662,-1.1771573,-0.0643215,1.2655139,-1.1771595,-0.0642916,1.2655064,-1.1771573,-0.0642617,1.2655213,-1.1771535,-0.0642392,1.2655288,-1.1771505,-0.0642243,1.2655662,-1.1771446,-0.0642019,1.2654914,-1.1771468,-0.0641496,1.2655961,-1.1771431,-0.0642318,1.2656858,-1.1771378,-0.0642766,1.2657231,-1.1771393,-0.0643364,1.2656858,-1.1771423,-0.064314,1.2657979,-1.1771431,-0.064456,1.265768,-1.177146,-0.064441,1.2656409,-1.1771505,-0.0643439,1.265626,-1.1771505,-0.0643364,1.265626,-1.177146,-0.0642841,1.2656185,-1.1771423,-0.0642392,1.2656484,-1.1771468,-0.0643215,1.2656559,-1.1771446,-0.0643065,1.2656858,-1.1771378,-0.0642766,1.2655811,-1.1771423,-0.0642019,1.2656334,-1.1771423,-0.0642542,1.2655438,-1.1771446,-0.0641795,1.2656035,-1.1771408,-0.0642094,1.2656334,-1.1771408,-0.0642467,1.2656409,-1.1771408,-0.0642467,1.2656035,-1.1771423,-0.0642243,1.2655363,-1.1771393,-0.0641271,1.2655213,-1.1771431,-0.0641496,1.265611,-1.1771289,-0.0641197,1.2655512,-1.1771341,-0.0640898,1.2654989,-1.1771326,-0.0640225,1.2655811,-1.1771304,-0.0640898,1.2655587,-1.1771281,-0.0640449,1.2655811,-1.1771214,-0.064015,1.2655736,-1.1771266,-0.0640449,1.2655438,-1.1771251,-0.0640076,1.2655139,-1.1771214,-0.0639403,1.265484,-1.1771206,-0.0638954,1.2656559,-1.1771102,-0.0639926,1.265626,-1.1771154,-0.0640001,1.2655811,-1.1771154,-0.0639552,1.265626,-1.1771154,-0.0640001,1.2655587,-1.1771191,-0.0639627,1.2655662,-1.1771199,-0.0639777,1.2655961,-1.1771117,-0.0639403,1.2655662,-1.1771117,-0.0639029,1.2655438,-1.1771064,-0.0638356,1.2655139,-1.1771064,-0.0637983,1.2655363,-1.1771064,-0.0638282,1.2655587,-1.1770975,-0.0637684,1.265469,-1.1771012,-0.0637011,1.2654989,-1.177096,-0.0636936,1.2655064,-1.17709,-0.0636413,1.2657605,-1.1770795,-0.0638282,1.2656035,-1.1770833,-0.0636936,1.2655736,-1.1770885,-0.0637011,1.2654765,-1.1770863,-0.0635666,1.2655438,-1.1770907,-0.0636936,1.2655438,-1.1770952,-0.063731,1.2655961,-1.1770975,-0.0638057,1.2656932,-1.1770885,-0.0638356,1.2656185,-1.1770885,-0.063746,1.2655438,-1.1770922,-0.0637086,1.2655587,-1.1770877,-0.0636712,1.2657231,-1.1770825,-0.0638057,1.2656858,-1.1770863,-0.0638057,1.2655438,-1.1770877,-0.0636563,1.2655213,-1.1770833,-0.0635965,1.2657007,-1.1770773,-0.063746,1.2656334,-1.177081,-0.0636936,1.2656334,-1.1770848,-0.063731,1.2656559,-1.1770773,-0.0636936,1.2656035,-1.1770848,-0.0637011,1.265611,-1.1770788,-0.0636488,1.2656484,-1.1770795,-0.0637086,1.2655662,-1.1770795,-0.0636114,1.2655886,-1.1770735,-0.0635815,1.265484,-1.177078,-0.0635068,1.2655662,-1.1770788,-0.0636039,1.2655363,-1.1770706,-0.0634918,1.2655213,-1.1770735,-0.0635068,1.2655288,-1.1770676,-0.0634545,1.2655213,-1.1770623,-0.0633947,1.2656035,-1.1770496,-0.0633722,1.2655139,-1.1770519,-0.0632975,1.2655438,-1.1770481,-0.06329,1.2657007,-1.1770429,-0.0634246,1.265626,-1.1770534,-0.063432,1.2656334,-1.1770586,-0.0634918,1.2655363,-1.1770586,-0.0633797,1.2655587,-1.1770571,-0.0633947,1.2655288,-1.1770593,-0.0633797,1.2655288,-1.1770556,-0.0633498,1.2656334,-1.1770496,-0.0634021,1.2655363,-1.1770504,-0.0633125,1.2656932,-1.1770422,-0.0634021,1.2657007,-1.1770407,-0.0634021,1.2656185,-1.1770496,-0.0633872,1.2655811,-1.1770534,-0.0633872,1.2656035,-1.1770504,-0.0633872,1.2655213,-1.1770466,-0.0632601,1.2655662,-1.1770392,-0.0632377,1.265469,-1.1770392,-0.0631256,1.2654466,-1.1770392,-0.0631107,1.2654615,-1.1770422,-0.063148,1.2655811,-1.1770339,-0.0632078,1.2656185,-1.1770354,-0.0632676,1.265484,-1.1770369,-0.0631256,1.2654541,-1.1770369,-0.0630882,1.2654017,-1.1770354,-0.063021,1.2654391,-1.1770294,-0.063006,1.265469,-1.1770205,-0.0629537,1.2654914,-1.1770175,-0.0629537,1.2655288,-1.1770115,-0.0629462,1.2655139,-1.1770115,-0.0629238,1.2655213,-1.1770048,-0.0628715,1.2654466,-1.1770078,-0.0628192,1.2654765,-1.177001,-0.0627893,1.2654765,-1.1769973,-0.0627594,1.2654242,-1.1769958,-0.0626846,1.2655064,-1.1769921,-0.0627369,1.2655961,-1.1769883,-0.0628042,1.2655363,-1.1769913,-0.0627594,1.2655438,-1.1769883,-0.0627444,1.2655886,-1.1769839,-0.0627519,1.2656185,-1.1769839,-0.0627818,1.2656185,-1.1769801,-0.0627519,1.265469,-1.1769846,-0.0626323,1.265611,-1.1769756,-0.0627071,1.265768,-1.1769824,-0.0629387,1.2655961,-1.1769861,-0.0627818,1.2656035,-1.1769809,-0.0627444,1.2656409,-1.1769839,-0.0628117,1.265626,-1.1769876,-0.0628341,1.2655736,-1.1769824,-0.062722,1.2655736,-1.1769771,-0.0626772,1.2655662,-1.1769749,-0.0626473,1.2656409,-1.1769704,-0.0626921,1.2657082,-1.1769719,-0.0627743,1.2657007,-1.1769756,-0.0628042,1.2656409,-1.1769846,-0.0628192,1.2655736,-1.1769883,-0.0627818,1.2657007,-1.1769801,-0.0628416,1.2655961,-1.1769861,-0.0627818,1.2656932,-1.1769771,-0.0628042,1.2655736,-1.1769846,-0.0627444,1.2655736,-1.1769786,-0.0626846,1.2654466,-1.1769831,-0.0625949,1.2654615,-1.1769809,-0.06258,1.2655139,-1.1769831,-0.0626697,1.2655811,-1.1769756,-0.0626697,1.2655139,-1.1769771,-0.0626099,1.2655961,-1.1769659,-0.0625949,1.2655363,-1.1769659,-0.0625351,1.2655064,-1.1769659,-0.0624978,1.2655587,-1.1769622,-0.0625202,1.2655736,-1.1769577,-0.0624978,1.2654914,-1.1769555,-0.0623857,1.2655662,-1.1769532,-0.0624455,1.2652971,-1.1769958,-0.0625426,1.2656185,-1.1769532,-0.0625052,1.2656185,-1.1769517,-0.0624978,1.2655512,-1.176948,-0.0623782,1.2655213,-1.1769427,-0.0623034,1.2654092,-1.1769442,-0.0621913,1.2654914,-1.1769405,-0.0622437,1.2658053,-1.1769375,-0.0625725,1.2656858,-1.1769495,-0.0625426,1.2656559,-1.1769442,-0.0624604,1.2657007,-1.1769405,-0.0624828,1.2656559,-1.1769375,-0.0624081,1.2654765,-1.1769502,-0.0623259,1.2655213,-1.1769517,-0.0623782,1.2655587,-1.1769457,-0.0623707,1.2656559,-1.1769353,-0.0623857,1.2655438,-1.1769427,-0.0623333,1.2655139,-1.176939,-0.0622661,1.2654765,-1.176942,-0.0622437,1.2656185,-1.1769345,-0.0623333,1.2656409,-1.1769248,-0.0622736,1.2656708,-1.1769278,-0.0623333,1.2656035,-1.176933,-0.0623034,1.2655213,-1.176933,-0.0622138,1.2655961,-1.1769315,-0.062281,1.2656559,-1.1769315,-0.0623483,1.2656035,-1.1769263,-0.0622437,1.2655512,-1.1769241,-0.0621614,1.2656334,-1.1769226,-0.0622437,1.2655811,-1.1769263,-0.0622138,1.2656185,-1.1769211,-0.0622063,1.2656484,-1.1769241,-0.0622736,1.2655587,-1.1769263,-0.0621913,1.2656708,-1.1769248,-0.0623034,1.2656559,-1.1769241,-0.0622736,1.2655587,-1.1769263,-0.0621913,1.2656185,-1.1769226,-0.0622212,1.2655587,-1.1769114,-0.0620568,1.2651626,-1.1769502,-0.0619746,1.264886,-1.1769786,-0.0619223,1.2651402,-1.1769465,-0.0619148,1.265185,-1.1769375,-0.0618849,1.2652597,-1.1769353,-0.0619447,1.2653195,-1.1769338,-0.061997,1.265342,-1.1769315,-0.0620045,1.2654092,-1.17693,-0.0620568,1.2652896,-1.176939,-0.062012,1.2652822,-1.1769413,-0.0620194,1.2652224,-1.1769338,-0.0618924,1.2652597,-1.1769278,-0.0618699,1.2652971,-1.1769248,-0.0618924,1.2653569,-1.1769151,-0.0618699,1.2652747,-1.1769203,-0.0618176,1.2652298,-1.1769211,-0.0617803,1.2652523,-1.1769241,-0.0618326,1.2653569,-1.1769188,-0.0618998,1.2652971,-1.1769203,-0.0618475,1.265185,-1.1769226,-0.0617429,1.2652298,-1.1769151,-0.0617279,1.2652373,-1.1769084,-0.0616681,1.265185,-1.1769099,-0.0616233,1.2652074,-1.1769046,-0.0616009,1.2651327,-1.1769151,-0.0616158,1.2651177,-1.1769114,-0.0615635,1.2651028,-1.1769091,-0.0615187,1.2651999,-1.1769046,-0.0616009,1.2651775,-1.1769039,-0.061556,1.2652074,-1.1768972,-0.0615336,1.2652149,-1.1768882,-0.0614663,1.2654316,-1.1768912,-0.0617279,1.265469,-1.1768934,-0.0617877,1.2653046,-1.1769039,-0.0617055,1.2651626,-1.1769076,-0.0615785,1.26517,-1.1769001,-0.0615187,1.2651402,-1.1769001,-0.0614813,1.2651551,-1.1768934,-0.0614439,1.2651252,-1.1768897,-0.0613692,1.2652672,-1.176877,-0.061414,1.2652149,-1.1768717,-0.0613094,1.2652523,-1.1768747,-0.0613767,1.2652822,-1.1768732,-0.0613916,1.2652448,-1.1768695,-0.0613243,1.2654765,-1.1768418,-0.0613243,1.2656035,-1.1768299,-0.0613542,1.2655139,-1.1768366,-0.0613169,1.2652822,-1.1768628,-0.0613019,1.2654316,-1.176859,-0.061429,1.2653195,-1.1768717,-0.061429,1.2651775,-1.1768755,-0.0613094,1.26517,-1.176871,-0.0612496,1.2651177,-1.1768717,-0.0612047,1.2651402,-1.1768673,-0.0611823,1.2650729,-1.1768643,-0.0610852,1.2650355,-1.1768643,-0.0610403,1.2651177,-1.1768553,-0.0610478,1.2650056,-1.176868,-0.0610478,1.2651925,-1.1768717,-0.061287,1.2652298,-1.1768695,-0.0613094,1.2653345,-1.1768695,-0.061414,1.2653793,-1.1768658,-0.0614364,1.2657007,-1.1768299,-0.0614663,1.2657231,-1.1768381,-0.0615635,1.2653494,-1.1768837,-0.0615635,1.2652224,-1.1768874,-0.0614589,1.265185,-1.1768874,-0.061414,1.26517,-1.1768792,-0.0613318,1.2651775,-1.1768822,-0.0613617,1.265185,-1.1768755,-0.0613169,1.2651626,-1.1768747,-0.0612795,1.2652224,-1.1768628,-0.0612346,1.2654167,-1.1768493,-0.0613243,1.2653868,-1.1768478,-0.0612795,1.2653793,-1.1768404,-0.0611973,1.2652597,-1.1768508,-0.0611599,1.2653868,-1.1768329,-0.0611375,1.2653644,-1.1768366,-0.0611524,1.2654242,-1.1768254,-0.0611151,1.2655961,-1.1768209,-0.0612645,1.2656185,-1.176797,-0.0610702,1.2654989,-1.1768037,-0.0609955,1.2655811,-1.176791,-0.0609731,1.2655736,-1.1768,-0.0610403,1.2654391,-1.1768097,-0.060988,1.2653943,-1.1768075,-0.0609207,1.2654017,-1.1768134,-0.0609805,1.2652298,-1.1768262,-0.0609058,1.2651925,-1.1768262,-0.0608684,1.2652373,-1.1768112,-0.0607712,1.2656035,-1.1767806,-0.0609058,1.2654989,-1.1767895,-0.0608684,1.2656633,-1.176791,-0.0610553,1.265626,-1.1768134,-0.0612346,1.2655886,-1.1768187,-0.0612421,1.2656409,-1.1768037,-0.0611524,1.2654615,-1.1768291,-0.0611898,1.2655961,-1.1768187,-0.0612496,1.2656783,-1.1768209,-0.0613542,1.2657157,-1.1768276,-0.0614589,1.2657605,-1.1768291,-0.0615187,1.2656783,-1.1768418,-0.0615486,1.2655886,-1.1768366,-0.0613991,1.2655139,-1.1768314,-0.061272,1.2655139,-1.1768209,-0.0611749,1.2654989,-1.1768209,-0.0611524,1.2655587,-1.1768239,-0.0612496,1.265484,-1.1768284,-0.0612047,1.2652597,-1.1768493,-0.061145,1.2654615,-1.1768224,-0.06113,1.2654167,-1.1768202,-0.0610627,1.2656409,-1.1768067,-0.0611898,1.2655961,-1.1768052,-0.0611225,1.2654914,-1.1768142,-0.0610926,1.2653718,-1.1768202,-0.0610104,1.2653569,-1.1768172,-0.0609656,1.265469,-1.176809,-0.0610104,1.2653793,-1.1768262,-0.0610702,1.2654092,-1.1768306,-0.061145,1.2654316,-1.1768291,-0.0611599,1.2657082,-1.1768217,-0.0613916,1.2655512,-1.1768262,-0.0612645,1.2654615,-1.1768291,-0.0611898,1.2655363,-1.1768262,-0.0612421,1.2654989,-1.1768239,-0.0611898,1.2654466,-1.1768209,-0.0611001,1.2654092,-1.1768134,-0.060988,1.2654765,-1.1768022,-0.0609581,1.2654541,-1.1767985,-0.0609058,1.2653943,-1.1767963,-0.0608161,1.2653644,-1.1767948,-0.0607638,1.2654391,-1.1767873,-0.0607787,1.2653793,-1.1767895,-0.0607339,1.265327,-1.176788,-0.0606666,1.2652896,-1.1767933,-0.0606741,1.2654541,-1.1767693,-0.0606218,1.2655363,-1.1767626,-0.0606666,1.2655139,-1.1767656,-0.0606591,1.2655438,-1.1767671,-0.060704,1.2655662,-1.1767581,-0.0606517,1.2654316,-1.1767514,-0.0604424,1.2655064,-1.1767514,-0.0605321,1.2656035,-1.1767492,-0.0606068,1.2657007,-1.1767544,-0.0607712,1.2655363,-1.1767798,-0.0608161,1.2652971,-1.1768037,-0.0607712,1.2654914,-1.1768097,-0.0610478,1.2655736,-1.1768187,-0.0612197,1.2656932,-1.1768149,-0.0613169,1.2656484,-1.1768202,-0.0613169,1.2655213,-1.1768254,-0.0612197,1.2655811,-1.1768217,-0.0612571,1.265484,-1.1768329,-0.0612496,1.2656484,-1.1768239,-0.0613468,1.2654765,-1.1768418,-0.0613169,1.2655288,-1.1768344,-0.0613019,1.2654167,-1.1768254,-0.0611151,1.2653718,-1.1768202,-0.0610029,1.2655213,-1.176806,-0.0610403,1.2655213,-1.176797,-0.0609656,1.2655363,-1.1767963,-0.0609731,1.2654316,-1.1767888,-0.0607862,1.2654989,-1.1767948,-0.0609207,1.2653718,-1.1767948,-0.0607787,1.2653793,-1.1767873,-0.0607115,1.2653195,-1.1767858,-0.0606292,1.2653868,-1.1767708,-0.0605694,1.2654541,-1.1767619,-0.060562,1.2654242,-1.1767656,-0.060562,1.265469,-1.1767589,-0.0605545,1.2654765,-1.1767566,-0.0605396,1.2655363,-1.1767551,-0.0605993,1.2654989,-1.1767693,-0.0606816,1.2656409,-1.1767716,-0.0608684,1.2657381,-1.1767746,-0.0609955,1.2656932,-1.1767761,-0.0609581,1.2658203,-1.1767731,-0.0610777,1.2657904,-1.1767798,-0.0611001,1.2656484,-1.1767895,-0.0610403,1.2657231,-1.1767858,-0.0610852,1.2656409,-1.1767925,-0.0610553,1.2655736,-1.1767925,-0.0609731,1.2655213,-1.1767858,-0.0608535,1.2654316,-1.1767843,-0.0607488,1.2654242,-1.1767806,-0.060704,1.2653718,-1.1767895,-0.0607264,1.2652822,-1.1768007,-0.0607339,1.2652672,-1.1768075,-0.0607712,1.265626,-1.1768007,-0.0611151,1.2654316,-1.1768067,-0.0609506,1.265469,-1.1767985,-0.0609207,1.2655438,-1.1767858,-0.0608908,1.2655512,-1.1767843,-0.0608834,1.2655288,-1.1767806,-0.0608161,1.2655139,-1.1767798,-0.0607937,1.2656484,-1.1767768,-0.0609207,1.2656484,-1.1767798,-0.0609432,1.2657306,-1.1767768,-0.0610029,1.2656035,-1.1767873,-0.0609581,1.265626,-1.1767836,-0.0609506,1.2655213,-1.1767836,-0.060831,1.2655363,-1.1767798,-0.0608161,1.2655736,-1.1767746,-0.0608086,1.2655886,-1.1767708,-0.0607862,1.2652448,-1.1768037,-0.0607189,1.265484,-1.1767716,-0.060689,1.2652971,-1.176791,-0.0606517,1.2652896,-1.1767843,-0.0605919,1.2653569,-1.1767716,-0.060547,1.2653943,-1.1767641,-0.0605171,1.2654391,-1.1767589,-0.0605171,1.2653793,-1.1767551,-0.0604274,1.2654242,-1.1767544,-0.0604573,1.2655512,-1.176735,-0.0604274,1.2654989,-1.1767477,-0.0604798,1.2656708,-1.1767462,-0.0606666,1.2656409,-1.1767551,-0.0607115,1.2657082,-1.1767589,-0.0608236,1.2656409,-1.1767589,-0.0607488,1.2656185,-1.1767693,-0.0608161,1.2655587,-1.1767693,-0.0607488,1.2655662,-1.1767708,-0.0607712,1.2654615,-1.1767768,-0.060704,1.2655064,-1.1767746,-0.0607339,1.2654989,-1.1767806,-0.0607862,1.2655064,-1.1767821,-0.0608086,1.2654391,-1.1767843,-0.0607563,1.2655064,-1.1767783,-0.0607712,1.2654615,-1.1767768,-0.060704,1.2654316,-1.1767798,-0.0606965,1.265342,-1.1767843,-0.0606517,1.265327,-1.1767813,-0.0606068,1.2653718,-1.1767746,-0.0605844,1.2653494,-1.1767708,-0.0605321,1.2653345,-1.1767671,-0.0604723,1.2652448,-1.1767626,-0.0603452,1.2653644,-1.1767551,-0.060405,1.2654167,-1.1767492,-0.060405,1.2654914,-1.1767454,-0.0604499,1.2655512,-1.1767462,-0.0605246,1.2655736,-1.1767574,-0.0606591,1.2657904,-1.1767544,-0.0608684,1.2656633,-1.1767514,-0.060704,1.2655288,-1.1767507,-0.0605396,1.2655662,-1.1767492,-0.0605694,1.265469,-1.1767566,-0.0605246,1.2654466,-1.1767581,-0.0605171,1.2655587,-1.1767581,-0.0606442,1.265484,-1.1767641,-0.0606218,1.2654242,-1.1767566,-0.0604798,1.265327,-1.1767477,-0.0602929,1.2658427,-1.1767417,-0.0608086,1.2657979,-1.1767439,-0.0607862,1.2656783,-1.1767581,-0.0607712,1.2656559,-1.1767551,-0.0607264,1.2656409,-1.1767604,-0.0607563,1.2656559,-1.1767708,-0.0608684,1.2657082,-1.1767693,-0.0609133,1.2656185,-1.1767679,-0.0608011,1.2656334,-1.1767708,-0.0608385,1.2655811,-1.1767798,-0.0608684,1.2655139,-1.1767768,-0.0607638,1.2654914,-1.1767768,-0.0607414,1.265611,-1.1767679,-0.0607937,1.2655587,-1.1767641,-0.060704,1.2654765,-1.1767641,-0.0606143,1.2655363,-1.1767551,-0.0605993,1.2655363,-1.1767514,-0.0605545,1.265469,-1.1767529,-0.0604947,1.2654466,-1.1767492,-0.0604349,1.2653943,-1.1767507,-0.0603826,1.2653793,-1.1767507,-0.0603676,1.2654615,-1.1767424,-0.0603901,1.2654914,-1.1767439,-0.0604349,1.2655811,-1.1767424,-0.0605246,1.2657979,-1.1767417,-0.0607563,1.2655438,-1.1767679,-0.0607189,1.2655662,-1.1767671,-0.0607339,1.2655587,-1.1767708,-0.0607638,1.2655587,-1.1767671,-0.0607264,1.2654989,-1.1767761,-0.0607414,1.2655139,-1.1767693,-0.0606965,1.2654242,-1.1767716,-0.0606218,1.2654765,-1.1767626,-0.0605993,1.2654391,-1.1767619,-0.060547,1.2654765,-1.1767514,-0.0604947,1.2655139,-1.1767454,-0.0604798,1.2655139,-1.176735,-0.0603826,1.2654765,-1.1767365,-0.0603527,1.2655512,-1.176738,-0.0604424,1.2652747,-1.1767708,-0.0604424,1.2655438,-1.1767327,-0.0603901,1.265626,-1.176735,-0.0605022,1.2656858,-1.1767424,-0.0606442,1.2657157,-1.1767529,-0.0607712,1.2656783,-1.1767529,-0.0607264,1.2655961,-1.1767529,-0.0606367,1.265753,-1.1767492,-0.0607712,1.2658352,-1.1767514,-0.0608908,1.2656858,-1.1767604,-0.0608011,1.2656708,-1.1767581,-0.0607712,1.2655961,-1.1767634,-0.0607264,1.265753,-1.1767514,-0.0608011,1.2659249,-1.1767604,-0.0610702,1.2658203,-1.1767604,-0.0609581,1.2657605,-1.1767761,-0.0610328,1.2656484,-1.1767858,-0.0609955,1.2655587,-1.1767806,-0.060846,1.2655438,-1.1767768,-0.0608011,1.2655363,-1.1767776,-0.0608011,1.2656035,-1.176788,-0.0609656,1.2655886,-1.1767888,-0.0609581,1.2656708,-1.1767888,-0.0610478,1.265626,-1.1767895,-0.0610104,1.2655961,-1.1767933,-0.0610104,1.2654914,-1.1767963,-0.0609207,1.265484,-1.1767948,-0.0608983,1.265484,-1.1767925,-0.0608759,1.2655064,-1.176791,-0.0608908,1.265469,-1.1767858,-0.0608011,1.2654615,-1.1767836,-0.0607712,1.265611,-1.1767693,-0.0608011,1.2656559,-1.1767746,-0.0608983,1.265626,-1.1767761,-0.0608834,1.2655139,-1.1767821,-0.0608161,1.2655213,-1.1767708,-0.0607115,1.265469,-1.1767731,-0.0606816,1.2654615,-1.1767679,-0.0606292,1.2654017,-1.1767671,-0.0605545,1.2654541,-1.1767619,-0.060562,1.2654466,-1.1767529,-0.0604723,1.2654092,-1.1767514,-0.0604125,1.2653943,-1.1767492,-0.0603751,1.2658128,-1.1767402,-0.0607638,1.2658726,-1.1767589,-0.0610029,1.2657306,-1.1767761,-0.0610029,1.2655811,-1.1767895,-0.0609581,1.2651551,-1.1768493,-0.0610328,1.2655213,-1.1768097,-0.0610777,1.2658203,-1.1767843,-0.0611749,1.2655512,-1.1768067,-0.0610852,1.2655288,-1.1768097,-0.0610926,1.2655811,-1.176809,-0.0611375,1.2657082,-1.1767963,-0.0611599,1.2655811,-1.1767933,-0.0609955,1.2654989,-1.1767985,-0.0609506,1.2654765,-1.1767985,-0.0609282,1.2653793,-1.1768022,-0.0608535,1.265484,-1.1767903,-0.0608609,1.2653793,-1.1767836,-0.0606816,1.2655288,-1.1767761,-0.0607712,1.2654914,-1.1767761,-0.0607339,1.2653943,-1.1767768,-0.0606367,1.2654765,-1.1767716,-0.0606816,1.2654017,-1.1767708,-0.0605844,1.265484,-1.1767589,-0.0605694,1.2654914,-1.1767626,-0.0606143,1.2654914,-1.1767641,-0.0606292,1.265469,-1.1767641,-0.0605993,1.2655512,-1.1767641,-0.0606965,1.2655213,-1.1767693,-0.060704,1.2654765,-1.1767619,-0.0605919,1.2654391,-1.1767589,-0.0605171,1.2654466,-1.1767551,-0.0605022,1.2653868,-1.1767492,-0.0603676,1.2653943,-1.1767417,-0.0603153,1.2654541,-1.1767387,-0.0603527,1.2654167,-1.1767387,-0.0603079,1.2654316,-1.1767365,-0.0603004,1.265469,-1.1767327,-0.0603079,1.265342,-1.1767439,-0.0602705,1.2654242,-1.1767297,-0.0602331,1.2656708,-1.1767297,-0.0605097,1.2657306,-1.1767387,-0.0606591,1.2657829,-1.1767387,-0.0607189,1.2655512,-1.1767439,-0.0605097,1.2655512,-1.1767417,-0.0604798,1.265484,-1.1767365,-0.0603676,1.2653943,-1.1767365,-0.060263,1.2654242,-1.176729,-0.0602256,1.2654017,-1.1767185,-0.0601061,1.2653943,-1.176717,-0.0600836,1.2654017,-1.1767215,-0.0601285,1.2656035,-1.1767215,-0.0603527,1.2655662,-1.1767372,-0.0604573,1.2654989,-1.1767365,-0.0603826,1.2654167,-1.1767387,-0.0603004,1.2653793,-1.1767387,-0.060263,1.2653644,-1.176735,-0.0602182,1.2653345,-1.1767297,-0.0601359,1.2653718,-1.176726,-0.0601434,1.2653494,-1.1767238,-0.0600911,1.2653195,-1.1767238,-0.0600612,1.265327,-1.1767215,-0.0600463,1.2653718,-1.1767163,-0.0600537,1.2654167,-1.1767148,-0.0600836,1.2654316,-1.1767223,-0.0601733,1.2654541,-1.1767215,-0.0601883,1.2655139,-1.1767073,-0.0601285,1.2654167,-1.1767125,-0.0600687,1.2654914,-1.1767058,-0.0600911,1.2654242,-1.1767043,-0.0600089,1.2654466,-1.1767096,-0.0600762,1.2655139,-1.1767148,-0.0601957,1.2658352,-1.1767223,-0.0606292,1.2659623,-1.1767327,-0.0608609,1.265753,-1.1767581,-0.0608609,1.265626,-1.1767581,-0.0607115,1.2657456,-1.1767507,-0.0607787,1.2659997,-1.1767477,-0.0610403,1.2660669,-1.1767634,-0.0612496,1.2657456,-1.1767963,-0.0611973,1.2657231,-1.1767836,-0.0610553,1.2659773,-1.1767821,-0.0613243,1.2660669,-1.1767888,-0.0614888,1.2658801,-1.176806,-0.0614439,1.2656334,-1.1768254,-0.0613468,1.2655961,-1.1768299,-0.0613468,1.2655512,-1.1768389,-0.0613767,1.2655213,-1.1768389,-0.0613468,1.2654989,-1.1768456,-0.0613767,1.2655438,-1.1768366,-0.0613468,1.2655363,-1.1768508,-0.0614663,1.2656035,-1.1768389,-0.0614439,1.2655288,-1.1768508,-0.0614589,1.2655288,-1.1768531,-0.0614888,1.2655662,-1.1768418,-0.0614215,1.2655064,-1.1768389,-0.0613243,1.2654914,-1.1768381,-0.0613019,1.2654541,-1.1768404,-0.061287,1.2654316,-1.1768418,-0.061272,1.265469,-1.1768389,-0.061287,1.2654167,-1.1768389,-0.0612272,1.2653718,-1.1768381,-0.0611749,1.2654092,-1.1768329,-0.0611674,1.2653569,-1.1768351,-0.06113,1.2652896,-1.1768389,-0.0610852,1.2653793,-1.1768299,-0.0611076,1.2654316,-1.1768276,-0.0611375,1.2655438,-1.1768224,-0.0612197,1.2654765,-1.1768276,-0.0611898,1.2655213,-1.1768224,-0.0611973,1.2654242,-1.1768262,-0.0611225,1.2653793,-1.1768239,-0.0610553,1.2654017,-1.1768149,-0.060988,1.2654391,-1.176809,-0.0609731,1.2653345,-1.1768127,-0.0608983,1.2654167,-1.1768127,-0.060988,1.2654914,-1.1768202,-0.0611375,1.2654466,-1.1768254,-0.0611375,1.2654167,-1.1768254,-0.0611076,1.2654316,-1.1768291,-0.0611599,1.2657306,-1.1768224,-0.061429,1.2655587,-1.1768344,-0.0613393,1.2655587,-1.1768366,-0.0613692,1.2654615,-1.1768389,-0.0612795,1.2655139,-1.1768366,-0.0613243,1.2655288,-1.1768329,-0.0613019,1.2655139,-1.1768381,-0.0613243,1.2654615,-1.1768381,-0.0612645,1.2653943,-1.1768381,-0.0611973,1.2654167,-1.1768299,-0.0611524,1.2654765,-1.1768172,-0.0611001,1.2654391,-1.1768172,-0.0610627,1.265342,-1.1768224,-0.0610029,1.2654541,-1.1768172,-0.0610702,1.2656858,-1.1768172,-0.0613318,1.2655736,-1.1768299,-0.0613243,1.2655064,-1.1768329,-0.0612795,1.2655288,-1.1768336,-0.0613019,1.2654765,-1.1768344,-0.0612496,1.2654615,-1.1768366,-0.0612571,1.2654541,-1.1768366,-0.0612496,1.2654391,-1.1768418,-0.0612795,1.2653868,-1.1768426,-0.0612346,1.2653718,-1.1768389,-0.0611898,1.2654541,-1.1768418,-0.0613019
